RT60 data saved by REW V5.31.1
Source: Scarlett 2i4 USB, MICROPHONE, R, volume: no control. Timing signal peak level -28.2 dBFS, measurement signal peak level -20.9 dBFS
Dated: Apr 16, 2024 8:41:25 AM
Measurement: rug-p3-c
Sweep level: -18.0 dBFS
Response measured over: 10.1 to 20,000.0 Hz
Peak value: 0.010011139 at index 44100
Response length: 131072 samples
Sample interval: 2.2675736961451248E-5 seconds
Start time: -1.0016492317458532 seconds

Format is freq (Hz), BW (octaves), EDT (s), r, T20 (s), r, T30 (s), r, Topt (s), r, ToptStart (dB), ToptEnd (dB), T60M (s), reverse/forward/zero phase filtered, C50 (dB), C80 (dB), D50 (%), TS (s)

50 1/3 0.816 -0.940 0.789 -0.994 0.745 -0.996 0.764 -0.997 -5.000 -49.000 0.000 Forward 5.95 11.13 79.7 0.096
63 1/3 0.890 -0.948 0.690 -0.996 0.661 -0.993 0.739 -0.997 -5.000 -20.000 0.000 Forward 0.15 5.93 50.9 0.104
80 1/3 0.755 -0.919 0.549 -0.955 0.537 -0.985 0.640 -0.992 -5.000 -58.000 0.000 Forward 0.93 9.30 55.3 0.091
100 1/3 1.114 -0.965 0.655 -0.994 0.602 -0.995 0.546 -0.996 -5.000 -50.000 0.000 Forward -5.27 1.72 22.9 0.116
125 1/3 0.881 -0.899 0.637 -0.989 0.631 -0.995 0.630 -0.997 -5.000 -60.000 0.000 Forward -3.69 4.52 29.9 0.089
160 1/3 0.588 -0.987 0.611 -0.993 0.617 -0.996 0.638 -0.999 -5.000 -55.000 0.000 Forward 4.35 9.88 73.1 0.055
200 1/3 0.746 -0.991 0.684 -0.989 0.694 -0.995 0.667 -0.998 -5.000 -50.000 0.000 Forward 3.20 5.62 67.6 0.062
250 1/3 0.675 -0.956 0.687 -0.993 0.690 -0.996 0.697 -0.998 -5.000 -49.000 0.000 Forward 5.65 7.92 78.6 0.040
315 1/3 0.780 -0.965 0.543 -0.986 0.523 -0.994 0.501 -0.997 -5.000 -51.000 0.000 Forward 4.11 7.04 72.0 0.042
400 1/3 0.749 -0.983 0.459 -0.987 0.491 -0.994 0.498 -0.997 -5.000 -42.000 0.000 Forward 3.39 6.36 68.6 0.051
500 1/3 0.522 -0.982 0.620 -0.995 0.648 -0.997 0.644 -0.999 -5.000 -57.000 0.000 Forward 4.75 7.94 74.9 0.049
630 1/3 0.365 -0.979 0.805 -0.993 0.690 -0.992 0.688 -0.998 -5.000 -58.000 0.000 Forward 8.26 10.01 87.0 0.032
800 1/3 0.620 -0.993 0.685 -0.996 0.702 -0.998 0.743 -0.999 -5.000 -52.000 0.000 Forward 3.92 6.91 71.1 0.048
1000 1/3 0.822 -0.992 0.649 -0.996 0.599 -0.997 0.607 -0.998 -5.000 -37.000 0.000 Forward 3.67 6.15 70.0 0.045
1250 1/3 0.612 -0.994 0.654 -0.995 0.670 -0.998 0.693 -0.999 -5.000 -54.000 0.000 Forward 3.36 7.17 68.4 0.048
1600 1/3 0.575 -0.993 0.715 -0.994 0.702 -0.998 0.765 -0.999 -5.000 -59.000 0.000 Forward 3.64 8.41 69.8 0.041
2000 1/3 0.734 -0.991 0.618 -0.996 0.657 -0.998 0.711 -0.998 -5.000 -52.000 0.000 Forward 3.71 6.48 70.1 0.043
2500 1/3 0.695 -0.991 0.692 -0.999 0.672 -0.999 0.699 -0.999 -5.000 -51.000 0.000 Forward 4.65 7.54 74.5 0.040
3150 1/3 0.602 -0.992 0.664 -0.999 0.672 -1.000 0.673 -1.000 -5.000 -36.000 0.000 Forward 5.79 8.58 79.1 0.034
4000 1/3 0.512 -0.986 0.674 -0.999 0.696 -0.999 0.705 -1.000 -5.000 -45.000 0.000 Forward 6.33 10.06 81.1 0.030
5000 1/3 0.522 -0.967 0.628 -0.999 0.640 -0.999 0.627 -0.999 -5.000 -31.000 0.000 Forward 7.30 10.53 84.3 0.026
6300 1/3 0.568 -0.982 0.587 -0.999 0.614 -0.999 0.643 -1.000 -5.000 -60.000 0.000 Forward 6.65 10.27 82.2 0.027
8000 1/3 0.655 -0.972 0.538 -0.997 0.550 -0.999 0.563 -0.999 -5.000 -44.000 0.000 Forward 6.93 11.78 83.1 0.021
10000 1/3 0.484 -0.979 0.449 -0.996 0.478 -0.998 0.505 -0.999 -5.000 -60.000 0.000 Forward 8.12 13.39 86.7 0.020

full 1/3 0.558 -0.992 0.617 -1.000 0.638 -1.000 0.641 -1.000 -5.000 -37.000 0.000 Forward 6.68 10.25 82.3 0.026

