RT60 data saved by REW V5.31.1
Source: Scarlett 2i4 USB, MICROPHONE, R, volume: no control. Timing signal peak level -28.6 dBFS, measurement signal peak level -19.7 dBFS
Dated: Apr 16, 2024 8:40:49 AM
Measurement: rug-p3-r
Sweep level: -18.0 dBFS
Response measured over: 10.1 to 20,000.0 Hz
Peak value: 0.004897684 at index 44100
Response length: 131072 samples
Sample interval: 2.2675736961451248E-5 seconds
Start time: -1.001697497232423 seconds

Format is freq (Hz), BW (octaves), EDT (s), r, T20 (s), r, T30 (s), r, Topt (s), r, ToptStart (dB), ToptEnd (dB), T60M (s), reverse/forward/zero phase filtered, C50 (dB), C80 (dB), D50 (%), TS (s)

50 1/3 1.314 -0.961 0.873 -0.994 0.885 -0.997 0.947 -0.998 -5.000 -51.000 0.000 Forward -2.18 3.69 37.7 0.144
63 1/3 1.127 -0.973 0.844 -0.999 0.889 -0.999 0.860 -0.999 -5.000 -29.000 0.000 Forward 0.37 2.96 52.1 0.124
80 1/3 1.313 -0.809 0.607 -0.949 0.756 -0.981 0.853 -0.991 -5.000 -53.000 0.000 Forward -4.33 2.82 27.0 0.104
100 1/3 1.058 -0.977 0.835 -0.999 0.753 -0.996 0.874 -0.999 -5.000 -20.000 0.000 Forward -0.74 1.91 45.7 0.105
125 1/3 0.736 -0.914 0.689 -0.952 0.505 -0.975 0.637 -0.983 -5.000 -54.000 0.000 Forward 7.46 7.86 84.8 0.047
160 1/3 0.356 -0.968 0.561 -0.981 0.589 -0.992 0.620 -0.998 -5.000 -59.000 0.000 Forward 8.54 11.00 87.7 0.039
200 1/3 0.580 -0.972 0.430 -0.994 0.587 -0.981 0.435 -0.995 -5.000 -26.000 0.000 Forward 4.67 7.38 74.5 0.060
250 1/3 0.351 -0.987 0.575 -0.988 0.648 -0.992 0.643 -0.997 -5.000 -59.000 0.000 Forward 9.30 12.80 89.5 0.037
315 1/3 0.339 -0.966 0.526 -0.995 0.512 -0.996 0.541 -0.998 -5.000 -56.000 0.000 Forward 8.68 11.96 88.1 0.032
400 1/3 0.307 -0.978 0.589 -0.991 0.597 -0.997 0.560 -0.997 -5.000 -48.000 0.000 Forward 9.93 12.80 90.8 0.030
500 1/3 0.341 -0.977 0.611 -0.996 0.629 -0.998 0.635 -0.999 -5.000 -40.000 0.000 Forward 8.59 11.53 87.9 0.031
630 1/3 0.546 -0.992 0.730 -0.994 0.714 -0.998 0.718 -0.999 -5.000 -42.000 0.000 Forward 3.57 8.39 69.5 0.045
800 1/3 0.625 -0.995 0.624 -0.983 0.661 -0.993 0.720 -0.996 -5.000 -50.000 0.000 Forward 3.19 6.81 67.6 0.049
1000 1/3 0.631 -0.993 0.605 -0.997 0.638 -0.998 0.696 -0.998 -5.000 -53.000 0.000 Forward 2.50 6.71 64.0 0.049
1250 1/3 0.619 -0.996 0.682 -0.999 0.686 -0.999 0.684 -1.000 -5.000 -37.000 0.000 Forward 3.23 7.54 67.8 0.045
1600 1/3 0.625 -0.996 0.703 -0.998 0.707 -0.999 0.703 -0.999 -5.000 -34.000 0.000 Forward 3.94 7.61 71.2 0.045
2000 1/3 0.536 -0.985 0.676 -0.998 0.721 -0.998 0.744 -0.999 -5.000 -51.000 0.000 Forward 6.70 10.26 82.4 0.030
2500 1/3 0.618 -0.990 0.700 -0.999 0.706 -1.000 0.720 -1.000 -5.000 -50.000 0.000 Forward 5.58 8.71 78.3 0.033
3150 1/3 0.660 -0.995 0.672 -0.999 0.708 -0.999 0.718 -0.999 -5.000 -40.000 0.000 Forward 2.89 6.82 66.0 0.044
4000 1/3 0.639 -0.987 0.727 -0.998 0.728 -0.999 0.742 -1.000 -5.000 -52.000 0.000 Forward 6.97 9.62 83.3 0.026
5000 1/3 0.627 -0.985 0.673 -0.999 0.698 -0.999 0.712 -1.000 -5.000 -55.000 0.000 Forward 6.84 9.54 82.9 0.027
6300 1/3 0.666 -0.979 0.625 -1.000 0.638 -1.000 0.649 -1.000 -5.000 -47.000 0.000 Forward 7.48 10.63 84.8 0.022
8000 1/3 0.558 -0.978 0.576 -0.998 0.595 -0.999 0.611 -1.000 -5.000 -50.000 0.000 Forward 7.97 11.61 86.2 0.021
10000 1/3 0.584 -0.971 0.512 -0.998 0.524 -0.999 0.533 -1.000 -5.000 -56.000 0.000 Forward 8.53 12.34 87.7 0.017

full 1/3 0.578 -0.998 0.657 -1.000 0.686 -0.999 0.649 -1.000 -5.000 -23.000 0.000 Forward 6.24 9.66 80.8 0.028

