RT60 data saved by REW V5.31.1
Source: Scarlett 2i4 USB, MICROPHONE, R, volume: no control. Timing signal peak level -27.5 dBFS, measurement signal peak level -19.3 dBFS
Dated: Apr 16, 2024 8:36:20 AM
Measurement: rug-p2-c
Sweep level: -18.0 dBFS
Response measured over: 10.1 to 20,000.0 Hz
Peak value: 0.009201723 at index 44100
Response length: 131072 samples
Sample interval: 2.2675736961451248E-5 seconds
Start time: -0.9996892030824491 seconds

Format is freq (Hz), BW (octaves), EDT (s), r, T20 (s), r, T30 (s), r, Topt (s), r, ToptStart (dB), ToptEnd (dB), T60M (s), reverse/forward/zero phase filtered, C50 (dB), C80 (dB), D50 (%), TS (s)

50 1/3 0.967 -0.988 0.920 -0.987 1.142 -0.971 1.008 -0.995 -5.000 -20.000 0.000 Forward 3.44 6.65 68.8 0.095
63 1/3 1.042 -0.941 0.577 -0.994 0.652 -0.995 0.513 -0.999 -5.000 -21.000 0.000 Forward -2.71 2.80 34.9 0.117
80 1/3 0.866 -0.914 0.501 -0.956 0.556 -0.984 0.595 -0.994 -5.000 -60.000 0.000 Forward -1.20 6.94 43.2 0.098
100 1/3 1.334 -0.950 0.683 -0.994 0.580 -0.992 0.730 -0.997 -5.000 -20.000 0.000 Forward -4.40 -3.11 26.6 0.135
125 1/3 0.874 -0.981 0.496 -0.962 0.538 -0.985 0.583 -0.993 -5.000 -51.000 0.000 Forward 2.04 5.85 61.5 0.085
160 1/3 0.740 -0.964 0.663 -0.968 0.622 -0.988 0.604 -0.996 -5.000 -55.000 0.000 Forward 1.33 6.59 57.6 0.065
200 1/3 0.841 -0.975 0.663 -0.995 0.644 -0.997 0.611 -0.998 -5.000 -50.000 0.000 Forward 0.28 5.15 51.6 0.064
250 1/3 0.702 -0.966 0.746 -0.990 0.723 -0.993 0.636 -0.996 -5.000 -55.000 0.000 Forward 0.24 6.99 51.4 0.061
315 1/3 0.825 -0.986 0.656 -0.981 0.600 -0.991 0.533 -0.997 -5.000 -60.000 0.000 Forward 2.53 6.00 64.2 0.053
400 1/3 0.626 -0.994 0.523 -0.983 0.537 -0.993 0.595 -0.996 -5.000 -60.000 0.000 Forward 2.85 7.73 65.9 0.044
500 1/3 0.480 -0.983 0.599 -0.984 0.660 -0.993 0.706 -0.997 -5.000 -60.000 0.000 Forward 6.37 9.56 81.2 0.036
630 1/3 0.560 -0.991 0.581 -0.994 0.658 -0.994 0.730 -0.997 -5.000 -54.000 0.000 Forward 4.56 9.15 74.1 0.041
800 1/3 0.405 -0.978 0.686 -0.986 0.707 -0.995 0.726 -0.998 -5.000 -51.000 0.000 Forward 5.20 10.39 76.8 0.042
1000 1/3 0.720 -0.986 0.611 -0.996 0.673 -0.997 0.694 -0.998 -5.000 -46.000 0.000 Forward 0.62 4.22 53.6 0.061
1250 1/3 0.747 -0.997 0.635 -0.998 0.663 -0.998 0.676 -0.999 -5.000 -46.000 0.000 Forward 2.97 6.12 66.4 0.048
1600 1/3 0.602 -0.990 0.708 -0.995 0.725 -0.998 0.750 -0.999 -5.000 -50.000 0.000 Forward 4.55 7.68 74.0 0.041
2000 1/3 0.618 -0.996 0.671 -0.998 0.700 -0.999 0.709 -1.000 -5.000 -52.000 0.000 Forward 4.38 7.26 73.3 0.045
2500 1/3 0.584 -0.995 0.651 -0.998 0.686 -0.999 0.726 -0.999 -5.000 -60.000 0.000 Forward 5.13 8.01 76.5 0.040
3150 1/3 0.616 -0.997 0.668 -0.999 0.689 -0.999 0.702 -0.999 -5.000 -45.000 0.000 Forward 5.06 8.35 76.2 0.034
4000 1/3 0.469 -0.985 0.703 -0.999 0.699 -0.999 0.705 -1.000 -5.000 -48.000 0.000 Forward 6.25 9.41 80.8 0.037
5000 1/3 0.522 -0.990 0.639 -0.999 0.634 -1.000 0.638 -1.000 -5.000 -41.000 0.000 Forward 6.22 9.46 80.7 0.033
6300 1/3 0.485 -0.987 0.607 -0.998 0.607 -0.999 0.631 -1.000 -5.000 -58.000 0.000 Forward 6.66 10.73 82.3 0.030
8000 1/3 0.483 -0.985 0.531 -0.998 0.558 -0.999 0.583 -1.000 -5.000 -56.000 0.000 Forward 8.21 12.09 86.9 0.022
10000 1/3 0.448 -0.986 0.478 -0.998 0.502 -0.999 0.515 -1.000 -5.000 -60.000 0.000 Forward 8.59 13.23 87.8 0.020

full 1/3 0.520 -0.996 0.626 -0.999 0.645 -0.999 0.630 -1.000 -5.000 -30.000 0.000 Forward 6.54 10.10 81.8 0.029

