RT60 data saved by REW V5.31.1
Source: Scarlett 2i4 USB, MICROPHONE, R, volume: no control. Timing signal peak level -29.0 dBFS, measurement signal peak level -17.1 dBFS
Dated: Apr 16, 2024 8:26:09 AM
Measurement: rug-p1-rr
Sweep level: -18.0 dBFS
Response measured over: 10.1 to 20,000.0 Hz
Peak value: 0.0040589566 at index 44100
Response length: 131072 samples
Sample interval: 2.2675736961451248E-5 seconds
Start time: -1.0042428081561863 seconds

Format is freq (Hz), BW (octaves), EDT (s), r, T20 (s), r, T30 (s), r, Topt (s), r, ToptStart (dB), ToptEnd (dB), T60M (s), reverse/forward/zero phase filtered, C50 (dB), C80 (dB), D50 (%), TS (s)

50 1/3 1.116 -0.982 0.924 -0.991 0.922 -0.995 0.909 -0.996 -5.000 -33.000 0.000 Forward 4.27 5.00 72.8 0.093
63 1/3 0.839 -0.951 0.802 -0.987 0.789 -0.995 0.790 -0.997 -5.000 -47.000 0.000 Forward 7.35 9.10 84.5 0.062
80 1/3 0.554 -0.958 0.520 -0.945 0.535 -0.964 0.679 -0.980 -5.000 -57.000 0.000 Forward 7.91 10.61 86.1 0.068
100 1/3 0.663 -0.977 0.555 -0.976 0.621 -0.986 0.738 -0.993 -5.000 -58.000 0.000 Forward 5.29 8.81 77.2 0.064
125 1/3 0.493 -0.962 0.664 -0.992 0.675 -0.996 0.652 -0.999 -5.000 -57.000 0.000 Forward 7.65 12.10 85.3 0.042
160 1/3 0.448 -0.948 0.527 -0.987 0.583 -0.991 0.627 -0.994 -5.000 -45.000 0.000 Forward 7.81 9.97 85.8 0.037
200 1/3 0.633 -0.973 0.626 -0.976 0.625 -0.990 0.619 -0.998 -5.000 -60.000 0.000 Forward 4.57 9.08 74.1 0.049
250 1/3 0.823 -0.994 0.630 -0.984 0.563 -0.991 0.550 -0.997 -5.000 -60.000 0.000 Forward 3.26 4.89 67.9 0.059
315 1/3 0.426 -0.987 0.531 -0.990 0.501 -0.996 0.503 -0.997 -5.000 -40.000 0.000 Forward 7.45 11.71 84.8 0.033
400 1/3 0.448 -0.991 0.387 -0.992 0.471 -0.987 0.518 -0.996 -5.000 -60.000 0.000 Forward 6.51 10.44 81.7 0.033
500 1/3 0.569 -0.989 0.476 -0.976 0.586 -0.984 0.641 -0.996 -5.000 -59.000 0.000 Forward 5.33 10.43 77.3 0.035
630 1/3 0.792 -0.950 0.526 -0.995 0.640 -0.992 0.526 -0.995 -5.000 -25.000 0.000 Forward 3.01 6.10 66.7 0.044
800 1/3 0.532 -0.987 0.674 -0.995 0.734 -0.996 0.826 -0.997 -5.000 -54.000 0.000 Forward 2.86 8.76 65.9 0.045
1000 1/3 0.395 -0.984 0.725 -0.997 0.722 -0.999 0.705 -0.999 -5.000 -60.000 0.000 Forward 6.61 9.77 82.1 0.038
1250 1/3 0.503 -0.995 0.638 -0.995 0.610 -0.998 0.615 -0.998 -5.000 -36.000 0.000 Forward 4.97 9.68 75.8 0.036
1600 1/3 0.520 -0.993 0.619 -0.997 0.652 -0.999 0.672 -0.999 -5.000 -43.000 0.000 Forward 6.79 10.07 82.7 0.029
2000 1/3 0.631 -0.973 0.614 -0.996 0.680 -0.997 0.731 -0.999 -5.000 -60.000 0.000 Forward 7.40 9.95 84.6 0.023
2500 1/3 0.607 -0.985 0.656 -0.999 0.654 -0.999 0.657 -1.000 -5.000 -47.000 0.000 Forward 7.01 9.63 83.4 0.027
3150 1/3 0.683 -0.997 0.654 -1.000 0.648 -0.999 0.666 -1.000 -5.000 -47.000 0.000 Forward 4.46 7.36 73.6 0.038
4000 1/3 0.516 -0.989 0.670 -0.999 0.654 -1.000 0.657 -1.000 -5.000 -42.000 0.000 Forward 7.21 10.39 84.0 0.024
5000 1/3 0.576 -0.988 0.623 -0.999 0.632 -1.000 0.655 -1.000 -5.000 -60.000 0.000 Forward 5.90 9.74 79.6 0.030
6300 1/3 0.439 -0.986 0.555 -0.999 0.573 -1.000 0.576 -1.000 -5.000 -58.000 0.000 Forward 8.77 12.58 88.3 0.019
8000 1/3 0.377 -0.990 0.514 -0.998 0.529 -0.999 0.541 -1.000 -5.000 -49.000 0.000 Forward 8.71 12.66 88.1 0.021
10000 1/3 0.364 -0.989 0.452 -0.999 0.452 -1.000 0.451 -1.000 -5.000 -43.000 0.000 Forward 9.34 13.57 89.6 0.018

full 1/3 0.559 -0.992 0.618 -0.999 0.610 -1.000 0.612 -1.000 -5.000 -37.000 0.000 Forward 6.78 10.14 82.6 0.026

