RT60 data saved by REW V5.31.1
Source: Scarlett 2i4 USB, MICROPHONE, R, volume: no control. Timing signal peak level -29.0 dBFS, measurement signal peak level -19.4 dBFS
Dated: Apr 16, 2024 8:25:13 AM
Measurement: rug-p1-c
Sweep level: -18.0 dBFS
Response measured over: 10.1 to 20,000.0 Hz
Peak value: 0.011353005 at index 44100
Response length: 131072 samples
Sample interval: 2.2675736961451248E-5 seconds
Start time: -1.0008636594372406 seconds

Format is freq (Hz), BW (octaves), EDT (s), r, T20 (s), r, T30 (s), r, Topt (s), r, ToptStart (dB), ToptEnd (dB), T60M (s), reverse/forward/zero phase filtered, C50 (dB), C80 (dB), D50 (%), TS (s)

50 1/3 0.728 -0.913 0.517 -0.986 0.542 -0.993 0.600 -0.994 -5.000 -55.000 0.000 Forward 11.08 17.32 92.8 0.078
63 1/3 0.933 -0.962 0.687 -0.999 0.699 -0.998 0.711 -0.999 -5.000 -43.000 0.000 Forward -0.13 5.13 49.3 0.108
80 1/3 0.764 -0.900 0.512 -0.963 0.598 -0.982 0.619 -0.994 -5.000 -59.000 0.000 Forward -1.38 8.64 42.1 0.098
100 1/3 1.005 -0.956 0.761 -0.996 0.664 -0.990 0.633 -0.997 -5.000 -60.000 0.000 Forward -0.94 2.53 44.6 0.106
125 1/3 0.808 -0.937 0.500 -0.976 0.506 -0.988 0.653 -0.990 -5.000 -59.000 0.000 Forward -0.34 5.58 48.0 0.083
160 1/3 0.633 -0.980 0.515 -0.981 0.622 -0.987 0.654 -0.996 -5.000 -60.000 0.000 Forward 3.88 10.06 71.0 0.055
200 1/3 0.696 -0.978 0.626 -0.993 0.573 -0.993 0.561 -0.997 -5.000 -52.000 0.000 Forward 2.41 7.62 63.5 0.057
250 1/3 0.767 -0.970 0.616 -0.996 0.596 -0.997 0.594 -0.998 -5.000 -39.000 0.000 Forward 2.47 5.23 63.9 0.057
315 1/3 0.533 -0.973 0.600 -0.968 0.636 -0.985 0.538 -0.995 -5.000 -60.000 0.000 Forward 5.60 12.65 78.4 0.039
400 1/3 0.525 -0.978 0.513 -0.986 0.575 -0.992 0.602 -0.997 -5.000 -53.000 0.000 Forward 4.99 9.50 75.9 0.037
500 1/3 0.566 -0.993 0.495 -0.997 0.553 -0.995 0.577 -0.998 -5.000 -60.000 0.000 Forward 2.89 8.03 66.0 0.047
630 1/3 0.450 -0.957 0.574 -0.997 0.566 -0.998 0.566 -0.999 -5.000 -36.000 0.000 Forward 7.27 10.39 84.2 0.029
800 1/3 0.598 -0.990 0.643 -0.997 0.726 -0.994 0.652 -0.998 -5.000 -29.000 0.000 Forward 3.27 7.22 68.0 0.044
1000 1/3 0.633 -0.990 0.702 -0.987 0.681 -0.996 0.680 -0.998 -5.000 -51.000 0.000 Forward 5.23 7.58 76.9 0.038
1250 1/3 0.590 -0.991 0.638 -0.991 0.648 -0.997 0.670 -0.999 -5.000 -50.000 0.000 Forward 5.86 8.79 79.4 0.033
1600 1/3 0.495 -0.980 0.690 -0.996 0.723 -0.997 0.729 -0.999 -5.000 -60.000 0.000 Forward 6.38 10.08 81.3 0.031
2000 1/3 0.470 -0.989 0.667 -0.996 0.675 -0.999 0.690 -0.999 -5.000 -50.000 0.000 Forward 6.14 10.20 80.4 0.035
2500 1/3 0.543 -0.993 0.641 -0.999 0.650 -0.998 0.629 -0.999 -5.000 -33.000 0.000 Forward 5.61 8.90 78.4 0.036
3150 1/3 0.568 -0.988 0.656 -0.997 0.689 -0.998 0.714 -0.999 -5.000 -54.000 0.000 Forward 5.72 8.60 78.9 0.036
4000 1/3 0.498 -0.986 0.653 -0.998 0.662 -0.999 0.673 -1.000 -5.000 -43.000 0.000 Forward 5.92 9.42 79.6 0.033
5000 1/3 0.562 -0.993 0.579 -0.999 0.611 -0.999 0.639 -0.999 -5.000 -56.000 0.000 Forward 5.10 9.29 76.4 0.033
6300 1/3 0.500 -0.975 0.567 -0.999 0.586 -0.999 0.594 -1.000 -5.000 -60.000 0.000 Forward 7.38 10.79 84.6 0.027
8000 1/3 0.520 -0.981 0.526 -0.998 0.555 -0.999 0.554 -1.000 -5.000 -56.000 0.000 Forward 7.90 12.23 86.1 0.022
10000 1/3 0.485 -0.953 0.449 -0.998 0.466 -0.999 0.478 -1.000 -5.000 -60.000 0.000 Forward 9.71 14.01 90.3 0.015

full 1/3 0.514 -0.990 0.596 -0.999 0.621 -0.999 0.619 -0.999 -5.000 -34.000 0.000 Forward 7.05 10.79 83.5 0.026

