RT60 data saved by REW V5.31.1
Source: Scarlett 2i4 USB, MICROPHONE, R, volume: no control. Timing signal peak level -27.7 dBFS, measurement signal peak level -18.7 dBFS
Dated: Apr 16, 2024 8:37:15 AM
Measurement: rug-p2-rr
Sweep level: -18.0 dBFS
Response measured over: 10.1 to 20,000.0 Hz
Peak value: 0.0024719324 at index 44100
Response length: 131072 samples
Sample interval: 2.2675736961451248E-5 seconds
Start time: -1.0009238534158407 seconds

Format is freq (Hz), BW (octaves), EDT (s), r, T20 (s), r, T30 (s), r, Topt (s), r, ToptStart (dB), ToptEnd (dB), T60M (s), reverse/forward/zero phase filtered, C50 (dB), C80 (dB), D50 (%), TS (s)

50 1/3 1.287 -0.966 0.796 -0.992 0.823 -0.997 0.826 -0.998 -5.000 -40.000 0.000 Forward -0.22 0.89 48.7 0.133
63 1/3 0.985 -0.967 0.793 -0.991 0.812 -0.995 0.811 -0.997 -5.000 -45.000 0.000 Forward 5.23 5.81 76.9 0.093
80 1/3 0.520 -0.940 0.594 -0.896 0.684 -0.935 0.703 -0.980 -5.000 -57.000 0.000 Forward 8.45 10.40 87.5 0.066
100 1/3 0.543 -0.942 0.596 -0.977 0.512 -0.986 0.533 -0.987 -5.000 -36.000 0.000 Forward 6.76 9.78 82.6 0.064
125 1/3 0.834 -0.998 0.619 -0.997 0.537 -0.986 0.625 -0.997 -5.000 -24.000 0.000 Forward 2.68 5.61 64.9 0.070
160 1/3 0.456 -0.977 0.530 -0.986 0.577 -0.992 0.587 -0.996 -5.000 -48.000 0.000 Forward 7.58 13.03 85.1 0.041
200 1/3 0.721 -0.919 0.624 -0.966 0.610 -0.989 0.599 -0.997 -5.000 -59.000 0.000 Forward 5.74 7.40 78.9 0.044
250 1/3 0.704 -0.962 0.678 -0.981 0.602 -0.993 0.609 -0.998 -5.000 -51.000 0.000 Forward 2.50 6.56 64.0 0.056
315 1/3 0.457 -0.979 0.512 -0.991 0.503 -0.996 0.534 -0.999 -5.000 -60.000 0.000 Forward 5.78 12.15 79.1 0.036
400 1/3 0.418 -0.984 0.513 -0.996 0.541 -0.997 0.560 -0.998 -5.000 -58.000 0.000 Forward 6.75 10.23 82.6 0.035
500 1/3 0.555 -0.978 0.630 -0.997 0.604 -0.998 0.624 -0.999 -5.000 -46.000 0.000 Forward 5.70 10.67 78.8 0.035
630 1/3 0.620 -0.996 0.717 -0.997 0.697 -0.999 0.689 -0.999 -5.000 -46.000 0.000 Forward 3.95 7.52 71.3 0.045
800 1/3 0.521 -0.996 0.634 -0.997 0.646 -0.998 0.628 -0.998 -5.000 -33.000 0.000 Forward 4.10 8.56 72.0 0.042
1000 1/3 0.577 -0.994 0.626 -0.996 0.645 -0.995 0.705 -0.998 -5.000 -57.000 0.000 Forward 2.92 8.23 66.2 0.042
1250 1/3 0.449 -0.989 0.596 -0.998 0.657 -0.997 0.709 -0.998 -5.000 -50.000 0.000 Forward 5.28 9.63 77.1 0.038
1600 1/3 0.531 -0.986 0.630 -0.997 0.686 -0.997 0.738 -0.999 -5.000 -54.000 0.000 Forward 6.28 8.84 80.9 0.036
2000 1/3 0.637 -0.997 0.625 -0.998 0.668 -0.998 0.659 -0.999 -5.000 -20.000 0.000 Forward 4.06 7.80 71.8 0.041
2500 1/3 0.522 -0.992 0.675 -0.999 0.695 -0.999 0.701 -1.000 -5.000 -54.000 0.000 Forward 4.79 9.05 75.1 0.038
3150 1/3 0.545 -0.992 0.670 -0.998 0.674 -0.999 0.670 -1.000 -5.000 -43.000 0.000 Forward 4.79 8.14 75.1 0.041
4000 1/3 0.608 -0.996 0.677 -0.999 0.692 -0.999 0.698 -1.000 -5.000 -47.000 0.000 Forward 4.64 7.85 74.4 0.038
5000 1/3 0.501 -0.985 0.609 -0.997 0.632 -0.999 0.674 -0.999 -5.000 -53.000 0.000 Forward 6.54 9.33 81.8 0.030
6300 1/3 0.421 -0.984 0.599 -0.998 0.598 -0.999 0.616 -1.000 -5.000 -50.000 0.000 Forward 7.65 10.86 85.3 0.026
8000 1/3 0.427 -0.997 0.522 -0.999 0.545 -0.999 0.522 -1.000 -5.000 -27.000 0.000 Forward 7.08 11.32 83.6 0.027
10000 1/3 0.367 -0.989 0.464 -0.999 0.487 -0.999 0.496 -1.000 -5.000 -45.000 0.000 Forward 7.45 11.97 84.7 0.027

full 1/3 0.533 -0.995 0.612 -1.000 0.617 -1.000 0.612 -1.000 -5.000 -33.000 0.000 Forward 5.85 9.41 79.3 0.031

