RT60 data saved by REW V5.31.1
Source: Scarlett 2i4 USB, MICROPHONE, R, volume: no control. Timing signal peak level -28.2 dBFS, measurement signal peak level -17.8 dBFS
Dated: Apr 16, 2024 8:36:49 AM
Measurement: rug-p2-rl
Sweep level: -18.0 dBFS
Response measured over: 10.1 to 20,000.0 Hz
Peak value: 0.0053345663 at index 44100
Response length: 131072 samples
Sample interval: 2.2675736961451248E-5 seconds
Start time: -1.0043737833425823 seconds

Format is freq (Hz), BW (octaves), EDT (s), r, T20 (s), r, T30 (s), r, Topt (s), r, ToptStart (dB), ToptEnd (dB), T60M (s), reverse/forward/zero phase filtered, C50 (dB), C80 (dB), D50 (%), TS (s)

50 1/3 1.232 -0.970 0.830 -0.994 0.874 -0.996 0.833 -0.997 -5.000 -31.000 0.000 Forward 1.33 2.67 57.6 0.115
63 1/3 0.972 -0.989 0.736 -0.989 0.789 -0.995 0.841 -0.996 -5.000 -47.000 0.000 Forward 3.10 7.11 67.1 0.080
80 1/3 0.480 -0.909 0.629 -0.907 0.568 -0.980 0.576 -0.987 -5.000 -39.000 0.000 Forward 13.07 13.67 95.3 0.052
100 1/3 0.796 -0.953 0.561 -0.977 0.522 -0.989 0.543 -0.990 -5.000 -38.000 0.000 Forward 6.13 6.85 80.4 0.055
125 1/3 0.274 -0.924 0.652 -0.953 0.548 -0.986 0.597 -0.989 -10.000 -41.000 0.000 Forward 12.12 14.97 94.2 0.034
160 1/3 0.444 -0.991 0.535 -0.924 0.542 -0.964 0.631 -0.991 -5.000 -58.000 0.000 Forward 8.00 15.06 86.3 0.039
200 1/3 0.493 -0.979 0.733 -0.975 0.718 -0.987 0.703 -0.994 -5.000 -60.000 0.000 Forward 5.41 13.09 77.7 0.045
250 1/3 0.533 -0.971 0.622 -0.972 0.681 -0.989 0.654 -0.994 -5.000 -60.000 0.000 Forward 5.61 12.00 78.5 0.038
315 1/3 0.299 -0.979 0.558 -0.988 0.599 -0.993 0.562 -0.997 -9.000 -60.000 0.000 Forward 9.44 10.53 89.8 0.031
400 1/3 0.320 -0.983 0.663 -0.990 0.530 -0.988 0.518 -0.997 -5.000 -60.000 0.000 Forward 9.18 13.32 89.2 0.027
500 1/3 0.554 -0.985 0.548 -0.993 0.566 -0.996 0.572 -0.998 -5.000 -45.000 0.000 Forward 5.96 10.47 79.8 0.035
630 1/3 0.453 -0.978 0.810 -0.994 0.705 -0.994 0.728 -0.998 -5.000 -60.000 0.000 Forward 7.04 10.23 83.5 0.034
800 1/3 0.485 -0.988 0.563 -0.992 0.650 -0.993 0.507 -0.997 -5.000 -22.000 0.000 Forward 5.93 10.84 79.7 0.034
1000 1/3 0.597 -0.976 0.538 -0.996 0.639 -0.992 0.723 -0.997 -5.000 -58.000 0.000 Forward 6.37 8.78 81.3 0.035
1250 1/3 0.494 -0.996 0.593 -0.998 0.665 -0.997 0.710 -0.999 -5.000 -58.000 0.000 Forward 6.50 10.21 81.7 0.030
1600 1/3 0.518 -0.960 0.567 -0.998 0.648 -0.996 0.567 -0.998 -5.000 -25.000 0.000 Forward 8.14 11.78 86.7 0.022
2000 1/3 0.558 -0.922 0.638 -0.999 0.619 -0.999 0.622 -0.999 -5.000 -36.000 0.000 Forward 8.59 11.49 87.9 0.018
2500 1/3 0.585 -0.928 0.612 -0.999 0.621 -0.999 0.622 -1.000 -5.000 -36.000 0.000 Forward 8.41 11.63 87.4 0.018
3150 1/3 0.514 -0.995 0.602 -0.996 0.657 -0.997 0.697 -0.998 -5.000 -51.000 0.000 Forward 6.07 11.04 80.2 0.028
4000 1/3 0.533 -0.992 0.615 -0.999 0.652 -0.999 0.622 -0.999 -5.000 -29.000 0.000 Forward 6.71 10.13 82.4 0.027
5000 1/3 0.368 -0.871 0.586 -0.999 0.606 -0.999 0.588 -1.000 -5.000 -29.000 0.000 Forward 10.97 14.07 92.6 0.013
6300 1/3 0.405 -0.959 0.575 -0.999 0.571 -1.000 0.574 -1.000 -5.000 -37.000 0.000 Forward 9.31 12.17 89.5 0.020
8000 1/3 0.512 -0.979 0.500 -0.999 0.530 -0.999 0.503 -0.999 -5.000 -26.000 0.000 Forward 8.95 12.95 88.7 0.016
10000 1/3 0.378 -0.955 0.454 -0.999 0.473 -0.999 0.455 -1.000 -5.000 -28.000 0.000 Forward 10.51 14.82 91.8 0.013

full 1/3 0.464 -0.989 0.572 -0.998 0.609 -0.999 0.624 -0.999 -5.000 -43.000 0.000 Forward 8.35 12.42 87.3 0.019

