RT60 data saved by REW V5.31.1
Source: Scarlett 2i4 USB, MICROPHONE, R, volume: no control. Timing signal peak level -28.4 dBFS, measurement signal peak level -16.6 dBFS
Dated: Apr 16, 2024 8:41:51 AM
Measurement: rug-p3-rl
Sweep level: -18.0 dBFS
Response measured over: 10.1 to 20,000.0 Hz
Peak value: 0.0021519344 at index 44100
Response length: 131072 samples
Sample interval: 2.2675736961451248E-5 seconds
Start time: -1.0030047439571368 seconds

Format is freq (Hz), BW (octaves), EDT (s), r, T20 (s), r, T30 (s), r, Topt (s), r, ToptStart (dB), ToptEnd (dB), T60M (s), reverse/forward/zero phase filtered, C50 (dB), C80 (dB), D50 (%), TS (s)

50 1/3 1.364 -0.969 0.903 -0.995 0.864 -0.998 0.871 -0.998 -5.000 -38.000 0.000 Forward -0.95 0.49 44.5 0.139
63 1/3 0.926 -0.969 0.830 -0.993 0.824 -0.997 0.819 -0.999 -5.000 -47.000 0.000 Forward 5.67 6.49 78.7 0.096
80 1/3 0.561 -0.914 0.508 -0.951 0.615 -0.980 0.769 -0.987 -5.000 -55.000 0.000 Forward 9.49 13.50 89.9 0.065
100 1/3 0.544 -0.944 0.581 -0.976 0.541 -0.987 0.543 -0.992 -5.000 -38.000 0.000 Forward 6.33 10.64 81.1 0.064
125 1/3 0.634 -0.965 0.446 -0.989 0.545 -0.987 0.494 -0.995 -5.000 -59.000 0.000 Forward 3.25 9.53 67.9 0.063
160 1/3 0.560 -0.959 0.528 -0.981 0.527 -0.990 0.553 -0.995 -5.000 -50.000 0.000 Forward 2.52 9.43 64.1 0.055
200 1/3 0.605 -0.976 0.514 -0.990 0.527 -0.993 0.537 -0.994 -5.000 -36.000 0.000 Forward 2.67 9.07 64.9 0.052
250 1/3 0.649 -0.979 0.489 -0.984 0.594 -0.988 0.687 -0.994 -5.000 -60.000 0.000 Forward 2.75 7.76 65.3 0.054
315 1/3 0.673 -0.984 0.441 -0.994 0.428 -0.997 0.431 -0.998 -5.000 -37.000 0.000 Forward 3.86 7.98 70.9 0.043
400 1/3 0.475 -0.990 0.470 -0.992 0.479 -0.996 0.515 -0.998 -5.000 -60.000 0.000 Forward 6.27 9.23 80.9 0.041
500 1/3 0.498 -0.986 0.560 -0.986 0.617 -0.993 0.592 -0.997 -5.000 -60.000 0.000 Forward 4.23 11.08 72.6 0.044
630 1/3 0.583 -0.990 0.652 -0.996 0.716 -0.995 0.666 -0.998 -5.000 -31.000 0.000 Forward 3.19 6.54 67.6 0.051
800 1/3 0.666 -0.985 0.592 -0.996 0.663 -0.994 0.597 -0.997 -5.000 -29.000 0.000 Forward 4.46 7.03 73.6 0.042
1000 1/3 0.619 -0.994 0.667 -0.998 0.677 -0.999 0.685 -0.999 -5.000 -44.000 0.000 Forward 3.67 7.18 70.0 0.046
1250 1/3 0.596 -0.992 0.612 -0.995 0.632 -0.998 0.646 -0.999 -5.000 -45.000 0.000 Forward 3.03 7.80 66.8 0.047
1600 1/3 0.549 -0.991 0.680 -0.999 0.680 -0.999 0.668 -0.999 -5.000 -33.000 0.000 Forward 4.96 8.01 75.8 0.043
2000 1/3 0.540 -0.991 0.644 -0.998 0.675 -0.998 0.710 -0.999 -5.000 -54.000 0.000 Forward 4.60 8.20 74.2 0.041
2500 1/3 0.637 -0.993 0.592 -0.998 0.639 -0.998 0.610 -0.999 -5.000 -30.000 0.000 Forward 3.31 6.82 68.2 0.046
3150 1/3 0.642 -0.995 0.624 -0.999 0.628 -0.999 0.620 -0.999 -5.000 -34.000 0.000 Forward 4.60 8.41 74.2 0.035
4000 1/3 0.565 -0.990 0.644 -0.999 0.681 -0.999 0.709 -0.999 -5.000 -54.000 0.000 Forward 5.55 9.84 78.2 0.031
5000 1/3 0.600 -0.990 0.609 -0.999 0.634 -0.999 0.638 -1.000 -5.000 -42.000 0.000 Forward 4.26 8.45 72.7 0.037
6300 1/3 0.382 -0.960 0.572 -0.999 0.585 -0.999 0.586 -1.000 -5.000 -36.000 0.000 Forward 8.33 11.89 87.2 0.023
8000 1/3 0.410 -0.996 0.536 -0.999 0.560 -0.999 0.556 -0.999 -5.000 -34.000 0.000 Forward 7.02 11.22 83.4 0.026
10000 1/3 0.429 -0.997 0.449 -0.999 0.476 -0.999 0.453 -0.999 -5.000 -28.000 0.000 Forward 6.15 11.26 80.5 0.028

full 1/3 0.552 -0.996 0.551 -0.999 0.590 -0.998 0.531 -0.999 -5.000 -22.000 0.000 Forward 4.64 9.41 74.4 0.033

