RT60 data saved by REW V5.31.1
Source: Scarlett 2i4 USB, MICROPHONE, R, volume: no control. Timing signal peak level -28.8 dBFS, measurement signal peak level -21.0 dBFS
Dated: Apr 16, 2024 8:24:41 AM
Measurement: rug-p1-r
Sweep level: -18.0 dBFS
Response measured over: 10.1 to 20,000.0 Hz
Peak value: 0.0042647608 at index 44100
Response length: 131072 samples
Sample interval: 2.2675736961451248E-5 seconds
Start time: -0.9999646418290544 seconds

Format is freq (Hz), BW (octaves), EDT (s), r, T20 (s), r, T30 (s), r, Topt (s), r, ToptStart (dB), ToptEnd (dB), T60M (s), reverse/forward/zero phase filtered, C50 (dB), C80 (dB), D50 (%), TS (s)

50 1/3 1.523 -0.952 0.857 -0.994 0.938 -0.996 0.903 -0.996 -5.000 -31.000 0.000 Forward -5.11 1.48 23.6 0.157
63 1/3 1.034 -0.957 0.781 -0.995 0.793 -0.997 0.795 -0.998 -5.000 -37.000 0.000 Forward 0.88 4.21 55.1 0.114
80 1/3 0.930 -0.937 0.598 -0.925 0.783 -0.972 0.796 -0.987 -5.000 -52.000 0.000 Forward 1.00 7.11 55.7 0.085
100 1/3 0.870 -0.957 0.837 -0.996 0.797 -0.997 0.759 -0.998 -5.000 -58.000 0.000 Forward 0.28 4.76 51.6 0.097
125 1/3 0.636 -0.965 0.599 -0.985 0.519 -0.992 0.528 -0.993 -5.000 -36.000 0.000 Forward 6.72 9.25 82.5 0.045
160 1/3 0.427 -0.967 0.838 -0.957 0.660 -0.971 0.694 -0.995 -5.000 -60.000 0.000 Forward 10.15 13.87 91.2 0.044
200 1/3 0.673 -0.987 0.683 -0.974 0.734 -0.986 0.672 -0.996 -5.000 -57.000 0.000 Forward 3.64 6.63 69.8 0.057
250 1/3 0.619 -0.982 0.608 -0.984 0.631 -0.993 0.608 -0.998 -5.000 -60.000 0.000 Forward 3.42 8.50 68.7 0.052
315 1/3 0.438 -0.934 0.543 -0.982 0.545 -0.992 0.503 -0.998 -5.000 -60.000 0.000 Forward 9.03 12.60 88.9 0.032
400 1/3 0.512 -0.980 0.574 -0.994 0.484 -0.983 0.599 -0.997 -5.000 -22.000 0.000 Forward 5.29 9.54 77.2 0.038
500 1/3 0.473 -0.972 0.627 -0.991 0.573 -0.994 0.614 -0.998 -5.000 -60.000 0.000 Forward 4.11 9.31 72.0 0.051
630 1/3 0.577 -0.972 0.668 -0.998 0.736 -0.997 0.681 -0.998 -5.000 -28.000 0.000 Forward 4.73 6.70 74.8 0.053
800 1/3 0.642 -0.991 0.686 -0.994 0.755 -0.994 0.691 -0.996 -5.000 -30.000 0.000 Forward 0.81 6.62 54.7 0.057
1000 1/3 0.613 -0.986 0.611 -0.996 0.629 -0.998 0.622 -0.998 -5.000 -34.000 0.000 Forward 1.99 7.64 61.3 0.048
1250 1/3 0.618 -0.995 0.627 -0.998 0.654 -0.998 0.677 -0.999 -5.000 -47.000 0.000 Forward 2.54 7.25 64.2 0.049
1600 1/3 0.577 -0.996 0.665 -0.997 0.704 -0.998 0.724 -0.999 -5.000 -49.000 0.000 Forward 4.48 8.04 73.7 0.039
2000 1/3 0.588 -0.998 0.741 -0.998 0.728 -0.999 0.726 -1.000 -5.000 -50.000 0.000 Forward 3.41 7.40 68.7 0.044
2500 1/3 0.631 -0.992 0.679 -0.999 0.680 -0.999 0.682 -1.000 -5.000 -48.000 0.000 Forward 4.90 7.87 75.6 0.038
3150 1/3 0.713 -0.997 0.678 -0.999 0.669 -0.999 0.666 -1.000 -5.000 -34.000 0.000 Forward 3.99 7.04 71.5 0.040
4000 1/3 0.607 -0.993 0.732 -0.999 0.719 -1.000 0.739 -1.000 -5.000 -49.000 0.000 Forward 5.57 8.92 78.3 0.031
5000 1/3 0.639 -0.993 0.629 -0.999 0.652 -0.999 0.661 -0.999 -5.000 -41.000 0.000 Forward 5.92 8.90 79.6 0.031
6300 1/3 0.624 -0.988 0.576 -1.000 0.586 -1.000 0.578 -1.000 -5.000 -29.000 0.000 Forward 6.11 10.12 80.3 0.026
8000 1/3 0.499 -0.987 0.540 -0.999 0.543 -1.000 0.565 -1.000 -5.000 -60.000 0.000 Forward 7.82 11.62 85.8 0.022
10000 1/3 0.383 -0.984 0.501 -0.997 0.488 -0.999 0.492 -1.000 -5.000 -60.000 0.000 Forward 9.13 13.36 89.1 0.019

full 1/3 0.561 -0.997 0.638 -0.999 0.657 -1.000 0.649 -1.000 -5.000 -32.000 0.000 Forward 5.54 9.29 78.2 0.031

