RT60 data saved by REW V5.31.1
Source: Scarlett 2i4 USB, MICROPHONE, R, volume: no control. Timing signal peak level -28.4 dBFS, measurement signal peak level -18.0 dBFS
Dated: Apr 16, 2024 8:42:17 AM
Measurement: rug-p3-rr
Sweep level: -18.0 dBFS
Response measured over: 10.1 to 20,000.0 Hz
Peak value: 0.005722365 at index 44100
Response length: 131072 samples
Sample interval: 2.2675736961451248E-5 seconds
Start time: -1.0066144777067032 seconds

Format is freq (Hz), BW (octaves), EDT (s), r, T20 (s), r, T30 (s), r, Topt (s), r, ToptStart (dB), ToptEnd (dB), T60M (s), reverse/forward/zero phase filtered, C50 (dB), C80 (dB), D50 (%), TS (s)

50 1/3 1.303 -0.964 0.829 -0.993 0.859 -0.997 0.851 -0.997 -5.000 -40.000 0.000 Forward -0.49 0.49 47.2 0.131
63 1/3 0.921 -0.982 0.823 -0.996 0.840 -0.998 0.854 -0.999 -5.000 -46.000 0.000 Forward 4.46 7.68 73.7 0.074
80 1/3 0.485 -0.908 0.562 -0.892 0.643 -0.970 0.770 -0.987 -5.000 -59.000 0.000 Forward 14.58 16.26 96.6 0.051
100 1/3 0.439 -0.974 0.588 -0.992 0.548 -0.992 0.558 -0.993 -5.000 -38.000 0.000 Forward 9.22 11.72 89.3 0.045
125 1/3 0.385 -0.975 0.815 -0.964 0.742 -0.986 0.605 -0.993 -5.000 -60.000 0.000 Forward 8.25 14.06 87.0 0.041
160 1/3 0.328 -0.979 0.562 -0.987 0.602 -0.994 0.599 -0.997 -5.000 -51.000 0.000 Forward 9.94 15.17 90.8 0.035
200 1/3 0.487 -0.975 0.521 -0.996 0.584 -0.995 0.520 -0.997 -5.000 -26.000 0.000 Forward 5.63 9.84 78.5 0.048
250 1/3 0.644 -0.981 0.712 -0.985 0.610 -0.990 0.649 -0.997 -5.000 -60.000 0.000 Forward 6.02 8.52 80.0 0.046
315 1/3 0.355 -0.954 0.498 -0.974 0.419 -0.987 0.558 -0.992 -5.000 -60.000 0.000 Forward 9.01 11.08 88.9 0.033
400 1/3 0.366 -0.969 0.455 -0.991 0.490 -0.995 0.541 -0.997 -5.000 -60.000 0.000 Forward 8.47 12.77 87.6 0.026
500 1/3 0.446 -0.970 0.654 -0.995 0.617 -0.997 0.594 -0.998 -5.000 -46.000 0.000 Forward 7.97 11.57 86.2 0.027
630 1/3 0.443 -0.992 0.675 -0.996 0.713 -0.998 0.703 -0.999 -5.000 -54.000 0.000 Forward 5.86 10.01 79.4 0.040
800 1/3 0.694 -0.977 0.625 -0.992 0.656 -0.997 0.673 -0.997 -5.000 -39.000 0.000 Forward 4.34 6.20 73.1 0.045
1000 1/3 0.681 -0.985 0.570 -0.998 0.633 -0.997 0.656 -0.998 -5.000 -49.000 0.000 Forward 3.48 6.44 69.0 0.046
1250 1/3 0.559 -0.969 0.638 -0.998 0.663 -0.999 0.674 -1.000 -5.000 -48.000 0.000 Forward 6.43 9.10 81.5 0.031
1600 1/3 0.476 -0.968 0.674 -0.996 0.693 -0.999 0.701 -0.999 -5.000 -45.000 0.000 Forward 7.54 11.75 85.0 0.023
2000 1/3 0.672 -0.897 0.673 -0.997 0.678 -0.999 0.692 -0.999 -5.000 -46.000 0.000 Forward 8.39 11.11 87.4 0.017
2500 1/3 0.711 -0.940 0.589 -0.997 0.642 -0.997 0.667 -0.998 -5.000 -46.000 0.000 Forward 7.40 10.75 84.6 0.020
3150 1/3 0.676 -0.988 0.620 -0.998 0.645 -0.999 0.645 -0.999 -5.000 -35.000 0.000 Forward 5.27 9.14 77.1 0.029
4000 1/3 0.677 -0.993 0.594 -0.998 0.651 -0.998 0.701 -0.999 -5.000 -55.000 0.000 Forward 4.36 7.85 73.2 0.033
5000 1/3 0.354 -0.925 0.581 -0.999 0.617 -0.999 0.580 -0.999 -5.000 -27.000 0.000 Forward 10.21 12.96 91.3 0.015
6300 1/3 0.351 -0.940 0.571 -0.999 0.594 -0.999 0.615 -1.000 -5.000 -58.000 0.000 Forward 10.10 13.48 91.1 0.017
8000 1/3 0.407 -0.928 0.514 -0.998 0.542 -0.999 0.570 -0.999 -5.000 -55.000 0.000 Forward 10.97 14.94 92.6 0.011
10000 1/3 0.418 -0.964 0.447 -0.999 0.476 -0.999 0.501 -0.999 -5.000 -57.000 0.000 Forward 10.15 14.78 91.2 0.013

full 1/3 0.482 -0.989 0.597 -0.999 0.615 -1.000 0.617 -1.000 -5.000 -37.000 0.000 Forward 8.36 11.67 87.3 0.019

