RT60 data saved by REW V5.31.1
Source: Scarlett 2i4 USB, MICROPHONE, R, volume: no control. Timing signal peak level -30.2 dBFS, measurement signal peak level -17.0 dBFS
Dated: Apr 16, 2024 8:25:40 AM
Measurement: rug-p1-rl
Sweep level: -18.0 dBFS
Response measured over: 10.1 to 20,000.0 Hz
Peak value: 0.003621646 at index 44100
Response length: 131072 samples
Sample interval: 2.2675736961451248E-5 seconds
Start time: -1.0036617341384093 seconds

Format is freq (Hz), BW (octaves), EDT (s), r, T20 (s), r, T30 (s), r, Topt (s), r, ToptStart (dB), ToptEnd (dB), T60M (s), reverse/forward/zero phase filtered, C50 (dB), C80 (dB), D50 (%), TS (s)

50 1/3 1.057 -0.985 0.927 -0.995 0.937 -0.997 0.939 -0.998 -5.000 -37.000 0.000 Forward 3.76 4.60 70.4 0.096
63 1/3 1.040 -0.993 0.758 -0.994 0.776 -0.997 0.763 -0.998 -5.000 -45.000 0.000 Forward 5.37 6.72 77.5 0.080
80 1/3 0.547 -0.955 0.544 -0.980 0.565 -0.991 0.635 -0.995 -5.000 -59.000 0.000 Forward 8.13 10.70 86.7 0.068
100 1/3 0.559 -0.980 0.573 -0.979 0.528 -0.987 0.533 -0.991 -5.000 -38.000 0.000 Forward 7.07 8.89 83.6 0.060
125 1/3 0.631 -0.983 0.435 -0.985 0.573 -0.981 0.587 -0.993 -5.000 -49.000 0.000 Forward 4.69 9.64 74.6 0.059
160 1/3 0.508 -0.979 0.519 -0.978 0.527 -0.988 0.605 -0.995 -5.000 -60.000 0.000 Forward 5.82 9.02 79.2 0.045
200 1/3 0.641 -0.968 0.525 -0.986 0.529 -0.992 0.521 -0.996 -5.000 -44.000 0.000 Forward 4.39 8.93 73.3 0.048
250 1/3 1.276 -0.980 0.608 -0.986 0.526 -0.991 0.532 -0.993 -5.000 -37.000 0.000 Forward 0.11 3.64 50.6 0.078
315 1/3 0.551 -0.952 0.510 -0.988 0.572 -0.992 0.555 -0.997 -5.000 -53.000 0.000 Forward 7.20 8.85 84.0 0.035
400 1/3 0.447 -0.991 0.513 -0.998 0.537 -0.995 0.513 -0.999 -5.000 -27.000 0.000 Forward 6.52 11.02 81.8 0.036
500 1/3 0.550 -0.975 0.567 -0.992 0.539 -0.997 0.577 -0.998 -5.000 -50.000 0.000 Forward 6.12 7.67 80.4 0.041
630 1/3 0.556 -0.980 0.668 -0.995 0.651 -0.997 0.686 -0.999 -5.000 -60.000 0.000 Forward 5.47 8.08 77.9 0.041
800 1/3 0.593 -0.989 0.592 -0.993 0.621 -0.997 0.627 -0.998 -5.000 -41.000 0.000 Forward 5.43 7.39 77.7 0.040
1000 1/3 0.519 -0.965 0.599 -0.997 0.668 -0.995 0.691 -0.999 -5.000 -60.000 0.000 Forward 5.51 9.07 78.1 0.034
1250 1/3 0.603 -0.986 0.619 -0.998 0.655 -0.999 0.662 -0.999 -5.000 -40.000 0.000 Forward 4.51 7.44 73.9 0.039
1600 1/3 0.549 -0.985 0.670 -0.998 0.717 -0.998 0.726 -0.999 -5.000 -52.000 0.000 Forward 5.23 9.58 76.9 0.033
2000 1/3 0.503 -0.977 0.660 -0.998 0.675 -0.999 0.703 -0.999 -5.000 -50.000 0.000 Forward 6.03 10.54 80.0 0.031
2500 1/3 0.654 -0.995 0.635 -0.998 0.650 -0.999 0.661 -1.000 -5.000 -52.000 0.000 Forward 4.93 8.21 75.7 0.033
3150 1/3 0.510 -0.994 0.603 -0.997 0.638 -0.998 0.677 -0.999 -5.000 -56.000 0.000 Forward 6.16 10.43 80.5 0.029
4000 1/3 0.595 -0.982 0.612 -0.997 0.631 -0.999 0.640 -0.999 -5.000 -40.000 0.000 Forward 5.81 10.77 79.2 0.026
5000 1/3 0.583 -0.998 0.621 -0.999 0.636 -1.000 0.636 -1.000 -5.000 -39.000 0.000 Forward 4.92 8.18 75.6 0.037
6300 1/3 0.419 -0.970 0.524 -0.999 0.549 -0.999 0.525 -1.000 -5.000 -29.000 0.000 Forward 8.57 12.56 87.8 0.021
8000 1/3 0.406 -0.984 0.503 -0.996 0.534 -0.998 0.545 -1.000 -5.000 -60.000 0.000 Forward 8.21 13.24 86.9 0.021
10000 1/3 0.375 -0.987 0.423 -0.999 0.453 -0.999 0.474 -0.999 -5.000 -52.000 0.000 Forward 8.98 13.89 88.8 0.019

full 1/3 0.546 -0.995 0.588 -1.000 0.594 -1.000 0.596 -1.000 -5.000 -40.000 0.000 Forward 6.22 9.99 80.7 0.028

