RT60 data saved by REW V5.31.1
Source: Scarlett 2i4 USB, MICROPHONE, R, volume: no control. Timing signal peak level -31.0 dBFS, measurement signal peak level -22.9 dBFS
Dated: Apr 16, 2024 9:26:46 AM
Measurement: couch-p1-rl
Sweep level: -18.0 dBFS
Response measured over: 10.1 to 20,000.0 Hz
Peak value: 0.001914325 at index 44100
Response length: 131072 samples
Sample interval: 2.2675736961451248E-5 seconds
Start time: -0.9972930499696433 seconds

Format is freq (Hz), BW (octaves), EDT (s), r, T20 (s), r, T30 (s), r, Topt (s), r, ToptStart (dB), ToptEnd (dB), T60M (s), reverse/forward/zero phase filtered, C50 (dB), C80 (dB), D50 (%), TS (s)

50 1/3 0.830 -0.975 0.796 -0.994 0.848 -0.997 0.873 -0.997 -5.000 -44.000 0.000 Forward 7.33 8.37 84.4 0.086
63 1/3 0.809 -0.971 0.487 -0.984 0.592 -0.985 0.616 -0.995 -5.000 -52.000 0.000 Forward 5.23 11.25 76.9 0.064
80 1/3 0.548 -0.876 0.383 -0.966 0.516 -0.944 0.501 -0.978 -5.000 -60.000 0.000 Forward 14.58 17.50 96.6 0.056
100 1/3 0.616 -0.899 0.312 -0.976 0.564 -0.952 0.222 -0.997 -5.000 -20.000 0.000 Forward 8.72 16.16 88.2 0.060
125 1/3 0.499 -0.958 0.297 -0.997 0.290 -0.997 0.300 -0.998 -5.000 -31.000 0.000 Forward 7.69 15.45 85.5 0.048
160 1/3 0.356 -0.980 0.371 -0.989 0.369 -0.996 0.380 -0.997 -5.000 -42.000 0.000 Forward 14.03 17.34 96.2 0.034
200 1/3 0.463 -0.952 0.380 -0.943 0.342 -0.984 0.326 -0.991 -5.000 -46.000 0.000 Forward 7.99 11.64 86.3 0.035
250 1/3 0.423 -0.975 0.399 -0.988 0.455 -0.993 0.492 -0.995 -5.000 -57.000 0.000 Forward 8.47 10.55 87.5 0.037
315 1/3 0.303 -0.992 0.463 -0.976 0.457 -0.992 0.479 -0.998 -5.000 -60.000 0.000 Forward 10.64 12.71 92.1 0.029
400 1/3 0.448 -0.979 0.493 -0.984 0.458 -0.993 0.469 -0.994 -5.000 -37.000 0.000 Forward 7.86 10.09 85.9 0.033
500 1/3 0.612 -0.954 0.441 -0.989 0.455 -0.996 0.458 -0.996 -5.000 -36.000 0.000 Forward 6.01 8.75 80.0 0.032
630 1/3 0.227 -0.951 0.458 -0.983 0.504 -0.990 0.620 -0.996 -11.000 -60.000 0.000 Forward 11.54 13.89 93.4 0.026
800 1/3 0.216 -0.986 0.447 -0.992 0.536 -0.992 0.571 -0.995 -11.000 -40.000 0.000 Forward 12.04 14.59 94.1 0.024
1000 1/3 0.249 -0.985 0.575 -0.996 0.552 -0.998 0.581 -0.999 -8.000 -51.000 0.000 Forward 9.74 13.09 90.4 0.028
1250 1/3 0.427 -0.985 0.488 -0.999 0.487 -0.999 0.482 -1.000 -5.000 -34.000 0.000 Forward 6.48 10.77 81.6 0.034
1600 1/3 0.439 -0.994 0.432 -0.997 0.499 -0.995 0.436 -0.997 -5.000 -26.000 0.000 Forward 5.34 10.58 77.4 0.034
2000 1/3 0.472 -0.983 0.497 -0.989 0.510 -0.997 0.523 -0.999 -5.000 -51.000 0.000 Forward 5.54 12.04 78.2 0.034
2500 1/3 0.336 -0.995 0.498 -0.996 0.507 -0.998 0.520 -0.999 -5.000 -43.000 0.000 Forward 8.37 13.25 87.3 0.029
3150 1/3 0.347 -0.990 0.443 -0.998 0.478 -0.998 0.516 -0.999 -5.000 -53.000 0.000 Forward 7.82 12.02 85.8 0.032
4000 1/3 0.388 -0.988 0.434 -0.998 0.462 -0.998 0.448 -0.999 -5.000 -32.000 0.000 Forward 7.99 12.73 86.3 0.025
5000 1/3 0.382 -0.996 0.428 -0.997 0.462 -0.998 0.516 -0.998 -5.000 -57.000 0.000 Forward 7.15 12.98 83.8 0.027
6300 1/3 0.221 -0.949 0.391 -0.998 0.420 -0.998 0.403 -0.999 -5.000 -30.000 0.000 Forward 12.18 16.67 94.3 0.016
8000 1/3 0.262 -0.980 0.370 -0.998 0.408 -0.997 0.375 -0.999 -5.000 -28.000 0.000 Forward 10.44 15.57 91.7 0.019
10000 1/3 0.295 -0.995 0.357 -0.999 0.381 -0.999 0.337 -0.999 -5.000 -20.000 0.000 Forward 9.36 15.24 89.6 0.023

full 1/3 0.311 -0.991 0.409 -0.999 0.442 -0.999 0.409 -0.999 -5.000 -25.000 0.000 Forward 9.46 13.83 89.8 0.021

