RT60 data saved by REW V5.31.1
Source: Scarlett 2i4 USB, MICROPHONE, R, volume: no control. Timing signal peak level -31.0 dBFS, measurement signal peak level -22.3 dBFS
Dated: Apr 16, 2024 9:27:15 AM
Measurement: couch-p1-rr
Sweep level: -18.0 dBFS
Response measured over: 10.1 to 20,000.0 Hz
Peak value: 0.0015958938 at index 44100
Response length: 131072 samples
Sample interval: 2.2675736961451248E-5 seconds
Start time: -0.9976525084331075 seconds

Format is freq (Hz), BW (octaves), EDT (s), r, T20 (s), r, T30 (s), r, Topt (s), r, ToptStart (dB), ToptEnd (dB), T60M (s), reverse/forward/zero phase filtered, C50 (dB), C80 (dB), D50 (%), TS (s)

50 1/3 0.892 -0.976 0.779 -0.991 0.727 -0.995 0.725 -0.998 -5.000 -45.000 0.000 Forward 6.12 6.90 80.4 0.083
63 1/3 0.664 -0.953 0.441 -0.962 0.523 -0.976 0.548 -0.991 -5.000 -53.000 0.000 Forward 7.73 10.05 85.6 0.053
80 1/3 0.591 -0.945 0.271 -0.985 0.380 -0.974 0.240 -0.992 -5.000 -24.000 0.000 Forward 6.78 12.64 82.6 0.065
100 1/3 0.582 -0.898 0.475 -0.957 0.554 -0.982 0.572 -0.996 -5.000 -60.000 0.000 Forward 8.94 15.97 88.7 0.056
125 1/3 0.330 -0.904 0.532 -0.961 0.472 -0.985 0.442 -0.994 -5.000 -45.000 0.000 Forward 14.00 18.52 96.2 0.036
160 1/3 0.339 -0.971 0.379 -0.963 0.383 -0.987 0.427 -0.994 -5.000 -52.000 0.000 Forward 12.31 18.74 94.5 0.033
200 1/3 0.385 -0.994 0.305 -0.986 0.379 -0.985 0.394 -0.995 -5.000 -57.000 0.000 Forward 8.59 13.07 87.8 0.035
250 1/3 0.694 -0.983 0.356 -0.975 0.427 -0.986 0.420 -0.994 -5.000 -52.000 0.000 Forward 1.40 6.55 58.0 0.052
315 1/3 0.337 -0.979 0.469 -0.985 0.468 -0.991 0.468 -0.998 -5.000 -58.000 0.000 Forward 8.60 13.79 87.9 0.027
400 1/3 0.386 -0.960 0.449 -0.995 0.516 -0.994 0.536 -0.996 -5.000 -60.000 0.000 Forward 7.25 11.77 84.1 0.031
500 1/3 0.509 -0.990 0.469 -0.986 0.481 -0.995 0.507 -0.997 -5.000 -47.000 0.000 Forward 5.84 11.01 79.3 0.035
630 1/3 0.476 -0.978 0.604 -0.997 0.612 -0.995 0.623 -0.998 -5.000 -54.000 0.000 Forward 6.77 8.90 82.6 0.040
800 1/3 0.426 -0.992 0.605 -0.994 0.601 -0.996 0.585 -0.996 -5.000 -33.000 0.000 Forward 5.48 10.27 77.9 0.038
1000 1/3 0.389 -0.975 0.502 -0.997 0.530 -0.997 0.511 -0.998 -5.000 -32.000 0.000 Forward 6.57 10.35 82.0 0.038
1250 1/3 0.481 -0.983 0.457 -0.993 0.481 -0.997 0.481 -0.997 -5.000 -35.000 0.000 Forward 5.90 9.40 79.6 0.034
1600 1/3 0.460 -0.993 0.487 -0.995 0.491 -0.998 0.491 -0.998 -5.000 -35.000 0.000 Forward 7.08 10.66 83.6 0.029
2000 1/3 0.509 -0.984 0.467 -0.996 0.497 -0.997 0.505 -0.998 -5.000 -39.000 0.000 Forward 6.16 10.55 80.5 0.030
2500 1/3 0.492 -0.995 0.445 -0.999 0.472 -0.999 0.460 -0.999 -5.000 -32.000 0.000 Forward 4.86 9.78 75.4 0.033
3150 1/3 0.430 -0.991 0.470 -0.999 0.484 -0.999 0.471 -0.999 -5.000 -31.000 0.000 Forward 4.89 9.99 75.5 0.037
4000 1/3 0.397 -0.986 0.445 -0.998 0.479 -0.998 0.449 -0.998 -5.000 -27.000 0.000 Forward 7.65 11.56 85.3 0.026
5000 1/3 0.485 -0.991 0.432 -0.998 0.472 -0.998 0.530 -0.998 -5.000 -60.000 0.000 Forward 6.14 9.74 80.4 0.030
6300 1/3 0.322 -0.989 0.457 -0.999 0.466 -0.999 0.482 -1.000 -5.000 -52.000 0.000 Forward 8.74 13.18 88.2 0.025
8000 1/3 0.294 -0.985 0.421 -0.999 0.431 -0.999 0.422 -0.999 -5.000 -31.000 0.000 Forward 8.96 13.08 88.7 0.025
10000 1/3 0.274 -0.985 0.366 -0.998 0.378 -0.999 0.365 -0.999 -5.000 -31.000 0.000 Forward 9.20 15.12 89.3 0.026

full 1/3 0.370 -0.994 0.434 -0.999 0.463 -0.999 0.422 -0.999 -5.000 -22.000 0.000 Forward 7.74 12.09 85.6 0.025

