RT60 data saved by REW V5.31.1
Source: Scarlett 2i4 USB, MICROPHONE, R, volume: no control. Timing signal peak level -30.2 dBFS, measurement signal peak level -24.0 dBFS
Dated: Apr 16, 2024 9:25:50 AM
Measurement: couch-p1-r
Sweep level: -18.0 dBFS
Response measured over: 10.1 to 20,000.0 Hz
Peak value: 0.004285071 at index 44100
Response length: 131072 samples
Sample interval: 2.2675736961451248E-5 seconds
Start time: -0.9999344847797286 seconds

Format is freq (Hz), BW (octaves), EDT (s), r, T20 (s), r, T30 (s), r, Topt (s), r, ToptStart (dB), ToptEnd (dB), T60M (s), reverse/forward/zero phase filtered, C50 (dB), C80 (dB), D50 (%), TS (s)

50 1/3 1.357 -0.964 0.758 -0.996 0.745 -0.999 0.750 -0.999 -5.000 -40.000 0.000 Forward -2.44 2.73 36.3 0.143
63 1/3 0.844 -0.961 0.688 -0.996 0.706 -0.998 0.692 -0.998 -5.000 -33.000 0.000 Forward 4.26 6.57 72.7 0.097
80 1/3 0.627 -0.959 0.422 -0.941 0.453 -0.981 0.581 -0.987 -5.000 -60.000 0.000 Forward 6.05 7.95 80.1 0.074
100 1/3 0.814 -0.991 0.494 -0.998 0.480 -0.999 0.483 -0.999 -5.000 -56.000 0.000 Forward 3.89 7.02 71.0 0.076
125 1/3 0.300 -0.973 0.416 -0.984 0.374 -0.992 0.374 -0.992 -5.000 -35.000 0.000 Forward 10.26 14.18 91.4 0.032
160 1/3 0.319 -0.969 0.395 -0.957 0.364 -0.984 0.376 -0.996 -5.000 -56.000 0.000 Forward 10.02 17.03 91.0 0.037
200 1/3 0.519 -0.951 0.391 -0.991 0.384 -0.996 0.402 -0.998 -5.000 -46.000 0.000 Forward 6.44 13.48 81.5 0.042
250 1/3 0.442 -0.892 0.508 -0.972 0.447 -0.985 0.411 -0.996 -5.000 -57.000 0.000 Forward 8.77 10.74 88.3 0.028
315 1/3 0.220 -0.944 0.470 -0.990 0.493 -0.995 0.505 -0.997 -9.000 -60.000 0.000 Forward 12.83 13.87 95.0 0.023
400 1/3 0.330 -0.985 0.575 -0.990 0.596 -0.996 0.652 -0.998 -5.000 -53.000 0.000 Forward 8.89 12.27 88.6 0.032
500 1/3 0.405 -0.961 0.483 -0.990 0.509 -0.996 0.553 -0.998 -5.000 -60.000 0.000 Forward 6.02 10.75 80.0 0.044
630 1/3 0.493 -0.986 0.592 -0.997 0.562 -0.998 0.562 -0.998 -5.000 -35.000 0.000 Forward 5.13 8.58 76.5 0.045
800 1/3 0.494 -0.980 0.549 -0.990 0.600 -0.995 0.633 -0.996 -5.000 -40.000 0.000 Forward 6.42 9.98 81.4 0.035
1000 1/3 0.466 -0.992 0.501 -0.994 0.532 -0.996 0.553 -0.998 -5.000 -46.000 0.000 Forward 6.98 11.17 83.3 0.030
1250 1/3 0.436 -0.991 0.574 -0.994 0.547 -0.998 0.550 -0.999 -5.000 -40.000 0.000 Forward 5.66 11.80 78.7 0.033
1600 1/3 0.402 -0.997 0.488 -0.995 0.526 -0.997 0.542 -0.999 -5.000 -47.000 0.000 Forward 6.39 11.71 81.3 0.031
2000 1/3 0.382 -0.986 0.511 -0.997 0.509 -0.999 0.509 -0.999 -5.000 -42.000 0.000 Forward 8.85 12.28 88.5 0.025
2500 1/3 0.409 -0.979 0.517 -0.998 0.524 -0.999 0.528 -0.999 -5.000 -42.000 0.000 Forward 9.11 12.58 89.1 0.020
3150 1/3 0.469 -0.983 0.507 -0.997 0.497 -0.999 0.505 -0.999 -5.000 -40.000 0.000 Forward 8.03 10.88 86.4 0.021
4000 1/3 0.513 -0.987 0.515 -0.998 0.529 -0.999 0.537 -1.000 -5.000 -46.000 0.000 Forward 7.84 11.18 85.9 0.021
5000 1/3 0.563 -0.982 0.506 -0.998 0.517 -0.999 0.506 -0.999 -5.000 -32.000 0.000 Forward 7.29 12.15 84.3 0.022
6300 1/3 0.597 -0.964 0.492 -0.998 0.512 -0.999 0.516 -1.000 -5.000 -53.000 0.000 Forward 8.77 13.21 88.3 0.016
8000 1/3 0.508 -0.976 0.451 -0.999 0.475 -0.998 0.495 -0.999 -5.000 -54.000 0.000 Forward 8.77 13.50 88.3 0.016
10000 1/3 0.347 -0.923 0.413 -0.995 0.419 -0.998 0.439 -0.999 -5.000 -53.000 0.000 Forward 10.79 15.23 92.3 0.016

full 1/3 0.434 -0.994 0.484 -0.999 0.508 -0.999 0.514 -0.999 -5.000 -39.000 0.000 Forward 8.72 12.69 88.2 0.019

