RT60 data saved by REW V5.31.1
Source: Scarlett 2i4 USB, MICROPHONE, R, volume: no control. Timing signal peak level -30.9 dBFS, measurement signal peak level -22.6 dBFS
Dated: Apr 16, 2024 9:49:40 AM
Measurement: ottoman-p1-c
Sweep level: -18.0 dBFS
Response measured over: 10.1 to 20,000.0 Hz
Peak value: 0.011589959 at index 44100
Response length: 131072 samples
Sample interval: 2.2675736961451248E-5 seconds
Start time: -1.0008584913827945 seconds

Format is freq (Hz), BW (octaves), EDT (s), r, T20 (s), r, T30 (s), r, Topt (s), r, ToptStart (dB), ToptEnd (dB), T60M (s), reverse/forward/zero phase filtered, C50 (dB), C80 (dB), D50 (%), TS (s)

50 1/3 0.667 -0.945 0.539 -0.996 0.499 -0.996 0.524 -0.997 -5.000 -30.000 0.000 Forward 10.51 16.72 91.8 0.077
63 1/3 0.812 -0.895 0.424 -0.947 0.480 -0.980 0.240 -0.998 -5.000 -20.000 0.000 Forward 2.16 10.73 62.2 0.085
80 1/3 0.794 -0.872 0.595 -0.939 0.581 -0.974 0.591 -0.995 -5.000 -60.000 0.000 Forward 2.51 13.84 64.0 0.081
100 1/3 0.519 -0.860 0.559 -0.939 0.508 -0.978 0.547 -0.990 -5.000 -60.000 0.000 Forward 11.98 17.47 94.0 0.056
125 1/3 0.762 -0.950 0.426 -0.983 0.478 -0.991 0.484 -0.994 -5.000 -39.000 0.000 Forward 4.45 7.92 73.6 0.053
160 1/3 0.402 -0.942 0.263 -0.992 0.400 -0.976 0.263 -0.992 -5.000 -25.000 0.000 Forward 9.11 18.10 89.1 0.039
200 1/3 0.222 -0.962 0.334 -0.990 0.303 -0.994 0.303 -0.996 -5.000 -39.000 0.000 Forward 11.62 19.62 93.6 0.027
250 1/3 0.354 -0.986 0.358 -0.984 0.411 -0.985 0.407 -0.995 -5.000 -51.000 0.000 Forward 8.53 13.56 87.7 0.032
315 1/3 0.453 -0.987 0.448 -0.965 0.460 -0.984 0.490 -0.995 -5.000 -57.000 0.000 Forward 7.07 14.49 83.6 0.036
400 1/3 0.244 -0.956 0.502 -0.990 0.496 -0.997 0.504 -0.998 -8.000 -44.000 0.000 Forward 10.13 13.22 91.2 0.030
500 1/3 0.247 -0.966 0.476 -0.971 0.523 -0.987 0.547 -0.997 -13.000 -60.000 0.000 Forward 10.26 17.06 91.4 0.026
630 1/3 0.231 -0.979 0.464 -0.983 0.527 -0.991 0.603 -0.998 -11.000 -60.000 0.000 Forward 11.88 17.16 93.9 0.020
800 1/3 0.255 -0.987 0.529 -0.992 0.610 -0.993 0.635 -0.998 -10.000 -43.000 0.000 Forward 11.84 14.79 93.9 0.020
1000 1/3 0.373 -0.957 0.506 -0.995 0.505 -0.998 0.505 -0.998 -5.000 -35.000 0.000 Forward 9.78 12.36 90.5 0.022
1250 1/3 0.397 -0.991 0.404 -0.996 0.471 -0.994 0.404 -0.996 -5.000 -25.000 0.000 Forward 7.72 13.28 85.6 0.025
1600 1/3 0.331 -0.993 0.509 -0.999 0.497 -0.999 0.512 -0.999 -5.000 -46.000 0.000 Forward 8.09 12.39 86.6 0.027
2000 1/3 0.318 -0.977 0.420 -0.987 0.479 -0.993 0.533 -0.997 -5.000 -54.000 0.000 Forward 9.75 15.81 90.4 0.023
2500 1/3 0.335 -0.975 0.460 -0.993 0.490 -0.997 0.501 -0.999 -5.000 -54.000 0.000 Forward 9.93 13.88 90.8 0.020
3150 1/3 0.339 -0.898 0.464 -0.994 0.472 -0.998 0.468 -0.998 -5.000 -34.000 0.000 Forward 11.23 15.05 93.0 0.021
4000 1/3 0.443 -0.939 0.381 -0.998 0.426 -0.997 0.381 -0.998 -5.000 -25.000 0.000 Forward 10.30 15.25 91.5 0.016
5000 1/3 0.441 -0.973 0.386 -0.997 0.438 -0.996 0.369 -0.998 -5.000 -23.000 0.000 Forward 9.11 14.02 89.1 0.018
6300 1/3 0.451 -0.939 0.374 -0.995 0.421 -0.996 0.437 -0.997 -5.000 -41.000 0.000 Forward 11.60 16.12 93.5 0.015
8000 1/3 0.532 -0.902 0.367 -0.994 0.381 -0.998 0.381 -0.998 -5.000 -35.000 0.000 Forward 12.27 17.59 94.4 0.012
10000 1/3 0.540 -0.845 0.343 -0.996 0.356 -0.998 0.352 -0.998 -5.000 -34.000 0.000 Forward 13.80 19.11 96.0 0.008

full 1/3 0.401 -0.972 0.383 -0.996 0.436 -0.996 0.453 -0.996 -5.000 -40.000 0.000 Forward 11.75 16.61 93.7 0.013

