RT60 data saved by REW V5.31.1
Source: Scarlett 2i4 USB, MICROPHONE, R, volume: no control. Timing signal peak level -31.3 dBFS, measurement signal peak level -23.0 dBFS
Dated: Apr 16, 2024 9:50:08 AM
Measurement: ottoman-p1-rl
Sweep level: -18.0 dBFS
Response measured over: 10.1 to 20,000.0 Hz
Peak value: 0.0017952695 at index 44100
Response length: 131072 samples
Sample interval: 2.2675736961451248E-5 seconds
Start time: -0.9973623467020014 seconds

Format is freq (Hz), BW (octaves), EDT (s), r, T20 (s), r, T30 (s), r, Topt (s), r, ToptStart (dB), ToptEnd (dB), T60M (s), reverse/forward/zero phase filtered, C50 (dB), C80 (dB), D50 (%), TS (s)

50 1/3 0.747 -0.974 0.756 -0.995 0.713 -0.998 0.733 -0.999 -5.000 -48.000 0.000 Forward 7.67 9.10 85.4 0.083
63 1/3 0.665 -0.985 0.446 -0.988 0.538 -0.985 0.460 -0.991 -5.000 -30.000 0.000 Forward 6.98 13.96 83.3 0.058
80 1/3 0.533 -0.877 0.348 -0.984 0.438 -0.981 0.351 -0.993 -5.000 -30.000 0.000 Forward 14.74 19.33 96.7 0.056
100 1/3 0.603 -0.899 0.227 -0.990 0.367 -0.966 0.199 -0.999 -5.000 -23.000 0.000 Forward 9.17 19.20 89.2 0.059
125 1/3 0.438 -0.966 0.193 -0.995 0.257 -0.973 0.189 -0.997 -5.000 -29.000 0.000 Forward 12.05 22.05 94.1 0.041
160 1/3 0.305 -0.973 0.243 -0.971 0.369 -0.965 0.412 -0.985 -5.000 -49.000 0.000 Forward 15.34 22.04 97.2 0.032
200 1/3 0.337 -0.977 0.293 -0.936 0.292 -0.981 0.325 -0.991 -5.000 -50.000 0.000 Forward 9.74 14.50 90.4 0.032
250 1/3 0.349 -0.982 0.416 -0.978 0.522 -0.981 0.516 -0.994 -5.000 -54.000 0.000 Forward 9.91 16.19 90.7 0.032
315 1/3 0.255 -0.992 0.479 -0.989 0.467 -0.996 0.457 -0.998 -5.000 -49.000 0.000 Forward 12.05 13.92 94.1 0.026
400 1/3 0.437 -0.952 0.539 -0.980 0.474 -0.990 0.575 -0.994 -5.000 -60.000 0.000 Forward 8.48 9.85 87.6 0.032
500 1/3 0.564 -0.943 0.440 -0.991 0.454 -0.997 0.454 -0.997 -5.000 -37.000 0.000 Forward 6.65 10.27 82.2 0.029
630 1/3 0.238 -0.965 0.446 -0.981 0.475 -0.992 0.557 -0.996 -5.000 -57.000 0.000 Forward 13.01 15.83 95.2 0.025
800 1/3 0.231 -0.989 0.468 -0.995 0.538 -0.994 0.569 -0.998 -10.000 -50.000 0.000 Forward 10.57 14.69 91.9 0.025
1000 1/3 0.306 -0.986 0.476 -0.994 0.517 -0.996 0.505 -0.998 -5.000 -46.000 0.000 Forward 8.51 14.00 87.7 0.030
1250 1/3 0.419 -0.994 0.491 -0.990 0.535 -0.994 0.549 -0.998 -5.000 -48.000 0.000 Forward 6.56 10.57 81.9 0.033
1600 1/3 0.428 -0.990 0.409 -0.995 0.506 -0.991 0.388 -0.996 -5.000 -23.000 0.000 Forward 5.44 12.08 77.8 0.032
2000 1/3 0.485 -0.989 0.430 -0.985 0.486 -0.992 0.515 -0.997 -5.000 -48.000 0.000 Forward 5.68 13.10 78.7 0.032
2500 1/3 0.364 -0.993 0.441 -0.998 0.461 -0.999 0.455 -0.999 -5.000 -34.000 0.000 Forward 8.07 12.65 86.5 0.028
3150 1/3 0.388 -0.998 0.404 -0.999 0.457 -0.997 0.404 -0.999 -5.000 -25.000 0.000 Forward 6.83 11.48 82.8 0.030
4000 1/3 0.340 -0.997 0.458 -0.997 0.474 -0.999 0.485 -0.999 -5.000 -40.000 0.000 Forward 8.51 13.28 87.7 0.025
5000 1/3 0.400 -0.986 0.432 -0.998 0.456 -0.999 0.464 -0.999 -5.000 -40.000 0.000 Forward 7.21 11.85 84.0 0.026
6300 1/3 0.225 -0.916 0.387 -0.996 0.430 -0.997 0.488 -0.998 -5.000 -58.000 0.000 Forward 12.45 17.36 94.6 0.015
8000 1/3 0.257 -0.978 0.375 -0.998 0.401 -0.998 0.354 -0.998 -5.000 -20.000 0.000 Forward 10.66 16.37 92.1 0.019
10000 1/3 0.269 -0.994 0.359 -0.998 0.377 -0.999 0.385 -0.999 -5.000 -40.000 0.000 Forward 9.97 15.36 90.8 0.022

full 1/3 0.293 -0.988 0.399 -0.999 0.443 -0.998 0.395 -0.999 -5.000 -24.000 0.000 Forward 9.88 14.70 90.7 0.020

