RT60 data saved by REW V5.31.1
Source: Scarlett 2i4 USB, MICROPHONE, R, volume: no control. Timing signal peak level -31.0 dBFS, measurement signal peak level -23.6 dBFS
Dated: Apr 16, 2024 9:50:35 AM
Measurement: ottoman-p1-rr
Sweep level: -18.0 dBFS
Response measured over: 10.1 to 20,000.0 Hz
Peak value: 0.0015724512 at index 44100
Response length: 131072 samples
Sample interval: 2.2675736961451248E-5 seconds
Start time: -0.9977288924864823 seconds

Format is freq (Hz), BW (octaves), EDT (s), r, T20 (s), r, T30 (s), r, Topt (s), r, ToptStart (dB), ToptEnd (dB), T60M (s), reverse/forward/zero phase filtered, C50 (dB), C80 (dB), D50 (%), TS (s)

50 1/3 0.876 -0.976 0.724 -0.991 0.752 -0.996 0.766 -0.998 -5.000 -46.000 0.000 Forward 6.48 7.29 81.6 0.082
63 1/3 0.544 -0.953 0.416 -0.927 0.464 -0.974 0.494 -0.990 -5.000 -52.000 0.000 Forward 8.96 10.91 88.7 0.050
80 1/3 0.572 -0.936 0.283 -0.988 0.408 -0.975 0.246 -0.998 -5.000 -23.000 0.000 Forward 7.59 13.87 85.2 0.063
100 1/3 0.566 -0.885 0.280 -0.939 0.527 -0.943 0.149 -0.999 -5.000 -20.000 0.000 Forward 10.03 20.27 91.0 0.054
125 1/3 0.320 -0.922 0.332 -0.975 0.361 -0.981 0.350 -0.988 -5.000 -37.000 0.000 Forward 13.53 20.90 95.8 0.035
160 1/3 0.223 -0.916 0.374 -0.951 0.345 -0.977 0.359 -0.986 -5.000 -38.000 0.000 Forward 15.31 21.98 97.1 0.029
200 1/3 0.362 -0.989 0.344 -0.979 0.356 -0.991 0.357 -0.998 -5.000 -53.000 0.000 Forward 9.21 18.46 89.3 0.032
250 1/3 0.668 -0.930 0.353 -0.976 0.360 -0.991 0.357 -0.994 -5.000 -40.000 0.000 Forward 1.76 10.26 60.0 0.047
315 1/3 0.379 -0.983 0.373 -0.990 0.407 -0.995 0.415 -0.997 -5.000 -43.000 0.000 Forward 8.21 14.20 86.9 0.029
400 1/3 0.278 -0.970 0.552 -0.993 0.590 -0.996 0.626 -0.997 -9.000 -47.000 0.000 Forward 9.65 12.31 90.2 0.027
500 1/3 0.523 -0.991 0.392 -0.984 0.459 -0.990 0.537 -0.996 -5.000 -60.000 0.000 Forward 5.79 10.46 79.1 0.034
630 1/3 0.476 -0.992 0.637 -0.990 0.596 -0.994 0.611 -0.997 -5.000 -48.000 0.000 Forward 6.22 9.45 80.7 0.037
800 1/3 0.450 -0.987 0.575 -0.995 0.551 -0.997 0.545 -0.997 -5.000 -34.000 0.000 Forward 6.11 9.57 80.3 0.036
1000 1/3 0.369 -0.960 0.563 -0.997 0.553 -0.998 0.548 -0.999 -5.000 -53.000 0.000 Forward 7.79 10.14 85.7 0.036
1250 1/3 0.310 -0.988 0.503 -0.996 0.527 -0.997 0.576 -0.999 -5.000 -60.000 0.000 Forward 8.53 11.82 87.7 0.028
1600 1/3 0.373 -0.995 0.464 -0.997 0.502 -0.998 0.534 -0.999 -5.000 -51.000 0.000 Forward 8.17 13.38 86.8 0.025
2000 1/3 0.389 -0.975 0.467 -0.996 0.509 -0.997 0.538 -0.999 -5.000 -60.000 0.000 Forward 7.67 13.01 85.4 0.026
2500 1/3 0.426 -0.990 0.444 -0.997 0.462 -0.999 0.469 -0.999 -5.000 -38.000 0.000 Forward 5.54 10.43 78.2 0.030
3150 1/3 0.492 -0.995 0.425 -0.997 0.470 -0.997 0.504 -0.998 -5.000 -51.000 0.000 Forward 4.15 9.09 72.2 0.038
4000 1/3 0.405 -0.990 0.451 -0.998 0.465 -0.999 0.468 -0.999 -5.000 -37.000 0.000 Forward 7.42 12.15 84.7 0.025
5000 1/3 0.370 -0.994 0.432 -0.997 0.478 -0.997 0.498 -0.998 -5.000 -46.000 0.000 Forward 7.36 12.02 84.5 0.027
6300 1/3 0.369 -0.995 0.445 -0.999 0.459 -0.999 0.451 -0.999 -5.000 -32.000 0.000 Forward 7.87 12.46 86.0 0.025
8000 1/3 0.279 -0.986 0.401 -0.999 0.428 -0.999 0.398 -0.999 -5.000 -24.000 0.000 Forward 9.29 13.99 89.5 0.024
10000 1/3 0.286 -0.989 0.380 -0.999 0.386 -0.999 0.381 -0.999 -5.000 -33.000 0.000 Forward 8.94 14.06 88.7 0.025

full 1/3 0.361 -0.994 0.422 -0.999 0.460 -0.998 0.400 -0.999 -5.000 -20.000 0.000 Forward 7.98 13.09 86.3 0.023

