RT60 data saved by REW V5.31.1
Source: Scarlett 2i4 USB, MICROPHONE, R, volume: no control. Timing signal peak level -31.0 dBFS, measurement signal peak level -25.5 dBFS
Dated: Apr 16, 2024 3:39:07 PM
Measurement: screen-p2-l
Sweep level: -18.0 dBFS
Response measured over: 10.1 to 20,000.0 Hz
Peak value: 0.004634226 at index 44099
Response length: 131072 samples
Sample interval: 2.2675736961451248E-5 seconds
Start time: -0.9999770576926714 seconds

Format is freq (Hz), BW (octaves), EDT (s), r, T20 (s), r, T30 (s), r, Topt (s), r, ToptStart (dB), ToptEnd (dB), T60M (s), reverse/forward/zero phase filtered, C50 (dB), C80 (dB), D50 (%), TS (s)

50 1/3 1.044 -0.950 0.704 -0.991 0.646 -0.995 0.648 -0.997 -5.000 -41.000 0.000 Forward -0.19 5.88 48.9 0.127
63 1/3 0.784 -0.958 0.627 -0.992 0.616 -0.996 0.619 -0.998 -5.000 -47.000 0.000 Forward 3.91 6.56 71.1 0.093
80 1/3 1.004 -0.959 0.368 -0.945 0.577 -0.965 0.213 -0.994 -5.000 -20.000 0.000 Forward 1.69 4.48 59.6 0.081
100 1/3 0.843 -0.971 0.650 -0.993 0.718 -0.995 0.705 -0.997 -5.000 -42.000 0.000 Forward 2.34 6.38 63.1 0.085
125 1/3 0.281 -0.953 0.399 -0.950 0.471 -0.974 0.468 -0.977 -5.000 -40.000 0.000 Forward 10.23 20.37 91.3 0.037
160 1/3 0.366 -0.929 0.353 -0.978 0.506 -0.973 0.528 -0.991 -5.000 -54.000 0.000 Forward 11.04 13.42 92.7 0.039
200 1/3 0.470 -0.988 0.416 -0.981 0.461 -0.991 0.442 -0.995 -5.000 -43.000 0.000 Forward 6.85 10.41 82.9 0.042
250 1/3 0.299 -0.965 0.484 -0.984 0.513 -0.994 0.506 -0.998 -5.000 -56.000 0.000 Forward 11.16 13.37 92.9 0.031
315 1/3 0.298 -0.989 0.353 -0.989 0.349 -0.992 0.389 -0.995 -5.000 -60.000 0.000 Forward 10.18 14.92 91.2 0.031
400 1/3 0.148 -0.961 0.567 -0.957 0.451 -0.985 0.437 -0.993 -9.000 -48.000 0.000 Forward 14.64 16.12 96.7 0.019
500 1/3 0.186 -0.934 0.507 -0.975 0.459 -0.992 0.471 -0.994 -11.000 -37.000 0.000 Forward 13.20 17.90 95.4 0.019
630 1/3 0.243 -0.988 0.402 -0.987 0.465 -0.993 0.476 -0.995 -5.000 -38.000 0.000 Forward 12.37 18.49 94.5 0.019
800 1/3 0.285 -0.968 0.428 -0.989 0.411 -0.994 0.438 -0.997 -5.000 -48.000 0.000 Forward 11.90 15.22 93.9 0.019
1000 1/3 0.306 -0.989 0.357 -0.996 0.405 -0.996 0.438 -0.997 -5.000 -51.000 0.000 Forward 9.18 14.51 89.2 0.025
1250 1/3 0.285 -0.994 0.375 -0.989 0.459 -0.986 0.330 -0.998 -5.000 -23.000 0.000 Forward 9.31 15.23 89.5 0.026
1600 1/3 0.391 -0.980 0.426 -0.990 0.429 -0.997 0.443 -0.998 -5.000 -44.000 0.000 Forward 8.46 10.68 87.5 0.025
2000 1/3 0.410 -0.973 0.394 -0.994 0.442 -0.996 0.457 -0.998 -5.000 -48.000 0.000 Forward 8.47 11.01 87.5 0.025
2500 1/3 0.380 -0.951 0.437 -0.997 0.457 -0.998 0.463 -0.999 -5.000 -45.000 0.000 Forward 10.12 15.36 91.1 0.015
3150 1/3 0.384 -0.968 0.406 -0.996 0.438 -0.997 0.438 -0.997 -5.000 -35.000 0.000 Forward 9.49 14.65 89.9 0.018
4000 1/3 0.440 -0.972 0.449 -0.999 0.462 -0.999 0.455 -0.999 -5.000 -33.000 0.000 Forward 9.25 13.81 89.4 0.017
5000 1/3 0.497 -0.873 0.374 -0.994 0.412 -0.996 0.418 -0.996 -5.000 -37.000 0.000 Forward 11.70 17.33 93.7 0.013
6300 1/3 0.379 -0.885 0.428 -0.999 0.430 -0.999 0.432 -0.999 -5.000 -38.000 0.000 Forward 12.36 17.12 94.5 0.009
8000 1/3 0.482 -0.911 0.405 -0.994 0.405 -0.998 0.413 -0.999 -5.000 -47.000 0.000 Forward 11.59 15.12 93.5 0.011
10000 1/3 0.185 -0.928 0.341 -0.994 0.343 -0.998 0.379 -0.998 -5.000 -58.000 0.000 Forward 14.84 19.35 96.8 0.007

full 1/3 0.359 -0.985 0.416 -0.999 0.450 -0.998 0.424 -0.999 -5.000 -29.000 0.000 Forward 11.14 15.25 92.9 0.013

