RT60 data saved by REW V5.31.1
Source: Scarlett 2i4 USB, MICROPHONE, R, volume: no control. Timing signal peak level -30.3 dBFS, measurement signal peak level -24.7 dBFS
Dated: Apr 16, 2024 10:05:57 AM
Measurement: screen-p1-r
Sweep level: -18.0 dBFS
Response measured over: 10.1 to 20,000.0 Hz
Peak value: 0.0042391196 at index 44100
Response length: 131072 samples
Sample interval: 2.2675736961451248E-5 seconds
Start time: -0.9999432653506287 seconds

Format is freq (Hz), BW (octaves), EDT (s), r, T20 (s), r, T30 (s), r, Topt (s), r, ToptStart (dB), ToptEnd (dB), T60M (s), reverse/forward/zero phase filtered, C50 (dB), C80 (dB), D50 (%), TS (s)

50 1/3 1.275 -0.963 0.666 -0.995 0.659 -0.998 0.654 -0.999 -5.000 -45.000 0.000 Forward -1.92 3.46 39.1 0.137
63 1/3 0.775 -0.959 0.594 -0.992 0.584 -0.998 0.584 -0.998 -5.000 -35.000 0.000 Forward 4.91 7.64 75.6 0.092
80 1/3 0.897 -0.977 0.423 -0.961 0.502 -0.978 0.700 -0.984 -5.000 -60.000 0.000 Forward 3.63 4.40 69.8 0.082
100 1/3 0.816 -0.990 0.438 -0.995 0.403 -0.996 0.408 -0.998 -5.000 -47.000 0.000 Forward 3.81 6.67 70.6 0.074
125 1/3 0.347 -0.974 0.410 -0.959 0.364 -0.983 0.458 -0.987 -5.000 -60.000 0.000 Forward 15.18 17.21 97.1 0.036
160 1/3 0.384 -0.979 0.246 -0.971 0.246 -0.984 0.254 -0.988 -5.000 -37.000 0.000 Forward 8.77 20.40 88.3 0.039
200 1/3 0.508 -0.954 0.446 -0.983 0.474 -0.991 0.502 -0.997 -5.000 -54.000 0.000 Forward 7.15 14.60 83.8 0.040
250 1/3 0.440 -0.893 0.468 -0.969 0.415 -0.989 0.411 -0.997 -5.000 -59.000 0.000 Forward 8.71 10.98 88.1 0.027
315 1/3 0.180 -0.973 0.459 -0.973 0.433 -0.993 0.429 -0.998 -7.000 -60.000 0.000 Forward 11.12 13.04 92.8 0.024
400 1/3 0.209 -0.964 0.407 -0.989 0.375 -0.995 0.388 -0.996 -5.000 -42.000 0.000 Forward 13.32 16.01 95.6 0.024
500 1/3 0.385 -0.975 0.300 -0.991 0.427 -0.982 0.300 -0.991 -5.000 -25.000 0.000 Forward 7.63 12.12 85.3 0.037
630 1/3 0.392 -0.981 0.385 -0.994 0.409 -0.996 0.427 -0.997 -5.000 -41.000 0.000 Forward 5.59 12.55 78.4 0.038
800 1/3 0.425 -0.984 0.391 -0.992 0.406 -0.997 0.405 -0.998 -5.000 -38.000 0.000 Forward 6.59 13.35 82.0 0.031
1000 1/3 0.405 -0.969 0.320 -0.990 0.397 -0.989 0.424 -0.993 -5.000 -45.000 0.000 Forward 8.37 15.80 87.3 0.026
1250 1/3 0.417 -0.981 0.425 -0.998 0.415 -0.999 0.412 -0.999 -5.000 -39.000 0.000 Forward 8.75 12.92 88.2 0.024
1600 1/3 0.310 -0.994 0.429 -0.997 0.444 -0.999 0.445 -0.999 -5.000 -40.000 0.000 Forward 9.20 14.37 89.3 0.023
2000 1/3 0.411 -0.989 0.408 -0.995 0.446 -0.996 0.445 -0.999 -5.000 -47.000 0.000 Forward 8.00 11.83 86.3 0.027
2500 1/3 0.408 -0.973 0.403 -0.998 0.442 -0.997 0.407 -0.999 -5.000 -28.000 0.000 Forward 9.52 14.07 89.9 0.018
3150 1/3 0.387 -0.952 0.423 -0.998 0.447 -0.998 0.427 -0.999 -5.000 -30.000 0.000 Forward 10.67 15.36 92.1 0.014
4000 1/3 0.393 -0.937 0.401 -0.994 0.423 -0.998 0.429 -0.998 -5.000 -37.000 0.000 Forward 10.23 15.16 91.3 0.017
5000 1/3 0.425 -0.960 0.381 -0.998 0.396 -0.999 0.393 -0.999 -5.000 -34.000 0.000 Forward 9.79 14.44 90.5 0.017
6300 1/3 0.400 -0.962 0.416 -0.998 0.426 -0.999 0.434 -1.000 -5.000 -47.000 0.000 Forward 11.02 14.94 92.7 0.013
8000 1/3 0.440 -0.918 0.404 -0.997 0.398 -0.999 0.413 -0.999 -5.000 -52.000 0.000 Forward 10.94 15.56 92.5 0.012
10000 1/3 0.351 -0.949 0.362 -0.996 0.367 -0.998 0.371 -0.999 -5.000 -45.000 0.000 Forward 11.59 17.03 93.5 0.013

full 1/3 0.395 -0.989 0.389 -0.999 0.413 -0.999 0.395 -0.999 -5.000 -29.000 0.000 Forward 10.13 14.90 91.2 0.016

