RT60 data saved by REW V5.31.1
Source: Scarlett 2i4 USB, MICROPHONE, R, volume: no control. Timing signal peak level -30.2 dBFS, measurement signal peak level -25.0 dBFS
Dated: Apr 16, 2024 3:39:34 PM
Measurement: screen-p2-r
Sweep level: -18.0 dBFS
Response measured over: 10.1 to 20,000.0 Hz
Peak value: 0.0029459682 at index 44100
Response length: 131072 samples
Sample interval: 2.2675736961451248E-5 seconds
Start time: -0.9977095846087298 seconds

Format is freq (Hz), BW (octaves), EDT (s), r, T20 (s), r, T30 (s), r, Topt (s), r, ToptStart (dB), ToptEnd (dB), T60M (s), reverse/forward/zero phase filtered, C50 (dB), C80 (dB), D50 (%), TS (s)

50 1/3 0.995 -0.949 0.705 -0.991 0.650 -0.995 0.648 -0.998 -5.000 -60.000 0.000 Forward 0.59 6.45 53.4 0.122
63 1/3 1.030 -0.921 0.620 -0.998 0.599 -0.999 0.596 -0.999 -5.000 -38.000 0.000 Forward -2.93 3.54 33.7 0.116
80 1/3 0.668 -0.927 0.594 -0.972 0.725 -0.983 0.740 -0.993 -5.000 -50.000 0.000 Forward 3.80 6.90 70.6 0.086
100 1/3 0.770 -0.950 0.604 -0.996 0.594 -0.998 0.590 -0.999 -5.000 -49.000 0.000 Forward -0.61 7.35 46.5 0.093
125 1/3 0.419 -0.947 0.317 -0.897 0.486 -0.944 0.551 -0.982 -5.000 -56.000 0.000 Forward 11.98 20.39 94.0 0.044
160 1/3 0.331 -0.981 0.302 -0.996 0.375 -0.983 0.294 -0.996 -5.000 -27.000 0.000 Forward 10.56 18.29 91.9 0.034
200 1/3 0.645 -0.966 0.554 -0.967 0.449 -0.980 0.476 -0.989 -5.000 -46.000 0.000 Forward 3.45 12.56 68.9 0.045
250 1/3 0.598 -0.978 0.441 -0.971 0.405 -0.987 0.434 -0.995 -5.000 -57.000 0.000 Forward 6.07 7.88 80.2 0.044
315 1/3 0.206 -0.929 0.467 -0.983 0.424 -0.992 0.384 -0.996 -12.000 -52.000 0.000 Forward 12.65 17.50 94.9 0.025
400 1/3 0.219 -0.955 0.355 -0.971 0.418 -0.983 0.456 -0.995 -5.000 -57.000 0.000 Forward 11.58 19.45 93.5 0.023
500 1/3 0.261 -0.960 0.470 -0.976 0.481 -0.993 0.514 -0.995 -5.000 -43.000 0.000 Forward 9.60 11.88 90.1 0.028
630 1/3 0.362 -0.989 0.407 -0.988 0.499 -0.990 0.489 -0.994 -5.000 -43.000 0.000 Forward 8.36 14.74 87.3 0.030
800 1/3 0.319 -0.955 0.387 -0.997 0.433 -0.995 0.398 -0.998 -5.000 -30.000 0.000 Forward 10.40 15.45 91.6 0.021
1000 1/3 0.392 -0.981 0.418 -0.991 0.437 -0.996 0.455 -0.998 -5.000 -47.000 0.000 Forward 8.56 13.64 87.8 0.025
1250 1/3 0.325 -0.961 0.410 -0.997 0.426 -0.998 0.409 -0.998 -5.000 -32.000 0.000 Forward 8.52 14.24 87.7 0.022
1600 1/3 0.367 -0.988 0.438 -0.988 0.444 -0.996 0.462 -0.998 -5.000 -49.000 0.000 Forward 7.32 12.90 84.4 0.027
2000 1/3 0.362 -0.989 0.444 -0.998 0.446 -0.999 0.445 -0.999 -5.000 -39.000 0.000 Forward 8.61 11.91 87.9 0.023
2500 1/3 0.343 -0.982 0.463 -0.993 0.478 -0.998 0.531 -0.998 -5.000 -60.000 0.000 Forward 9.80 14.48 90.5 0.024
3150 1/3 0.381 -0.982 0.428 -0.998 0.440 -0.999 0.436 -0.999 -5.000 -34.000 0.000 Forward 9.11 13.52 89.1 0.020
4000 1/3 0.401 -0.997 0.460 -0.998 0.459 -0.999 0.459 -0.999 -5.000 -35.000 0.000 Forward 8.14 12.43 86.7 0.023
5000 1/3 0.334 -0.973 0.432 -0.998 0.459 -0.998 0.465 -0.999 -5.000 -38.000 0.000 Forward 9.12 13.83 89.1 0.022
6300 1/3 0.429 -0.981 0.398 -0.997 0.418 -0.998 0.401 -0.998 -5.000 -30.000 0.000 Forward 9.46 13.60 89.8 0.016
8000 1/3 0.453 -0.967 0.406 -0.998 0.402 -0.999 0.404 -1.000 -5.000 -38.000 0.000 Forward 10.03 14.46 91.0 0.014
10000 1/3 0.383 -0.960 0.338 -0.997 0.354 -0.998 0.365 -0.999 -5.000 -46.000 0.000 Forward 10.95 16.00 92.6 0.014

full 1/3 0.371 -0.996 0.429 -0.998 0.465 -0.998 0.436 -0.999 -5.000 -28.000 0.000 Forward 9.15 13.97 89.1 0.019

