RT60 data saved by REW V5.31.1
Source: Scarlett 2i4 USB, MICROPHONE, R, volume: no control. Timing signal peak level -30.2 dBFS, measurement signal peak level -23.7 dBFS
Dated: Apr 16, 2024 10:07:16 AM
Measurement: screen-p1-rr
Sweep level: -18.0 dBFS
Response measured over: 10.1 to 20,000.0 Hz
Peak value: 0.001616748 at index 44100
Response length: 131072 samples
Sample interval: 2.2675736961451248E-5 seconds
Start time: -0.9977193242765859 seconds

Format is freq (Hz), BW (octaves), EDT (s), r, T20 (s), r, T30 (s), r, Topt (s), r, ToptStart (dB), ToptEnd (dB), T60M (s), reverse/forward/zero phase filtered, C50 (dB), C80 (dB), D50 (%), TS (s)

50 1/3 0.842 -0.976 0.693 -0.985 0.665 -0.995 0.691 -0.997 -5.000 -46.000 0.000 Forward 6.87 7.63 83.0 0.080
63 1/3 0.538 -0.951 0.421 -0.941 0.454 -0.981 0.452 -0.989 -5.000 -43.000 0.000 Forward 9.07 11.02 89.0 0.050
80 1/3 0.566 -0.935 0.251 -0.996 0.466 -0.953 0.240 -0.997 -5.000 -24.000 0.000 Forward 7.79 14.03 85.8 0.062
100 1/3 0.582 -0.881 0.245 -0.945 0.522 -0.928 0.145 -0.999 -5.000 -21.000 0.000 Forward 9.86 20.97 90.6 0.055
125 1/3 0.320 -0.921 0.331 -0.974 0.364 -0.980 0.353 -0.987 -5.000 -38.000 0.000 Forward 13.94 20.95 96.1 0.035
160 1/3 0.235 -0.902 0.361 -0.956 0.345 -0.968 0.329 -0.983 -5.000 -38.000 0.000 Forward 15.52 22.61 97.3 0.028
200 1/3 0.356 -0.987 0.279 -0.992 0.303 -0.995 0.304 -0.997 -5.000 -41.000 0.000 Forward 9.43 18.46 89.8 0.031
250 1/3 0.748 -0.929 0.231 -0.948 0.323 -0.967 0.367 -0.986 -5.000 -46.000 0.000 Forward 2.03 14.38 61.5 0.043
315 1/3 0.303 -0.986 0.459 -0.988 0.324 -0.968 0.484 -0.994 -5.000 -21.000 0.000 Forward 9.51 13.73 89.9 0.028
400 1/3 0.387 -0.970 0.417 -0.983 0.366 -0.988 0.413 -0.995 -5.000 -60.000 0.000 Forward 8.55 13.23 87.8 0.030
500 1/3 0.364 -0.983 0.334 -0.994 0.391 -0.994 0.342 -0.995 -5.000 -26.000 0.000 Forward 9.01 12.97 88.8 0.028
630 1/3 0.312 -0.986 0.425 -0.997 0.471 -0.997 0.477 -0.998 -5.000 -40.000 0.000 Forward 9.77 14.99 90.5 0.025
800 1/3 0.235 -0.957 0.492 -0.991 0.423 -0.992 0.423 -0.992 -5.000 -35.000 0.000 Forward 10.49 13.25 91.8 0.027
1000 1/3 0.379 -0.983 0.391 -0.994 0.413 -0.997 0.440 -0.998 -5.000 -47.000 0.000 Forward 6.95 13.72 83.2 0.034
1250 1/3 0.320 -0.967 0.366 -0.996 0.391 -0.997 0.394 -0.998 -5.000 -42.000 0.000 Forward 8.73 14.71 88.2 0.024
1600 1/3 0.356 -0.978 0.388 -0.992 0.414 -0.996 0.436 -0.998 -5.000 -46.000 0.000 Forward 10.80 14.96 92.3 0.021
2000 1/3 0.371 -0.972 0.392 -0.991 0.413 -0.996 0.435 -0.998 -5.000 -48.000 0.000 Forward 10.12 15.32 91.1 0.020
2500 1/3 0.413 -0.995 0.362 -0.997 0.391 -0.997 0.392 -0.999 -5.000 -20.000 0.000 Forward 8.13 12.64 86.7 0.022
3150 1/3 0.411 -0.995 0.349 -0.999 0.373 -0.998 0.343 -0.999 -5.000 -23.000 0.000 Forward 6.29 12.31 81.0 0.030
4000 1/3 0.320 -0.982 0.339 -0.999 0.358 -0.999 0.358 -0.999 -5.000 -35.000 0.000 Forward 9.60 15.83 90.1 0.020
5000 1/3 0.315 -0.976 0.337 -0.995 0.355 -0.997 0.367 -0.998 -5.000 -40.000 0.000 Forward 9.22 14.34 89.3 0.021
6300 1/3 0.250 -0.991 0.346 -0.999 0.363 -0.999 0.363 -0.999 -5.000 -36.000 0.000 Forward 11.64 16.55 93.6 0.018
8000 1/3 0.233 -0.991 0.295 -0.997 0.311 -0.998 0.321 -0.999 -5.000 -43.000 0.000 Forward 11.33 18.44 93.1 0.018
10000 1/3 0.251 -0.992 0.286 -0.999 0.298 -0.999 0.298 -0.999 -5.000 -35.000 0.000 Forward 10.80 17.29 92.3 0.021

full 1/3 0.303 -0.990 0.343 -0.999 0.350 -0.999 0.344 -0.999 -5.000 -32.000 0.000 Forward 9.71 16.03 90.3 0.018

