RT60 data saved by REW V5.31.1
Source: Scarlett 2i4 USB, MICROPHONE, R, volume: no control. Timing signal peak level -30.8 dBFS, measurement signal peak level -23.5 dBFS
Dated: Apr 16, 2024 10:06:50 AM
Measurement: screen-p1-rl
Sweep level: -18.0 dBFS
Response measured over: 10.1 to 20,000.0 Hz
Peak value: 0.00179127 at index 44100
Response length: 131072 samples
Sample interval: 2.2675736961451248E-5 seconds
Start time: -0.9973589093238964 seconds

Format is freq (Hz), BW (octaves), EDT (s), r, T20 (s), r, T30 (s), r, Topt (s), r, ToptStart (dB), ToptEnd (dB), T60M (s), reverse/forward/zero phase filtered, C50 (dB), C80 (dB), D50 (%), TS (s)

50 1/3 0.686 -0.970 0.720 -0.995 0.649 -0.996 0.656 -0.997 -5.000 -38.000 0.000 Forward 8.27 9.77 87.0 0.081
63 1/3 0.672 -0.985 0.432 -0.984 0.445 -0.991 0.453 -0.995 -5.000 -43.000 0.000 Forward 6.88 14.25 83.0 0.058
80 1/3 0.537 -0.879 0.333 -0.988 0.405 -0.983 0.335 -0.995 -5.000 -31.000 0.000 Forward 14.01 18.77 96.2 0.056
100 1/3 0.597 -0.895 0.243 -0.987 0.366 -0.971 0.206 -0.999 -5.000 -22.000 0.000 Forward 9.58 19.93 90.1 0.059
125 1/3 0.443 -0.965 0.188 -0.994 0.299 -0.959 0.183 -0.996 -5.000 -28.000 0.000 Forward 12.08 22.49 94.2 0.041
160 1/3 0.279 -0.969 0.235 -0.964 0.342 -0.968 0.421 -0.983 -5.000 -50.000 0.000 Forward 16.23 23.32 97.7 0.031
200 1/3 0.295 -0.968 0.292 -0.968 0.306 -0.988 0.314 -0.995 -5.000 -50.000 0.000 Forward 11.16 16.38 92.9 0.030
250 1/3 0.469 -0.976 0.386 -0.955 0.391 -0.978 0.468 -0.990 -5.000 -55.000 0.000 Forward 6.89 15.51 83.0 0.035
315 1/3 0.357 -0.973 0.303 -0.979 0.293 -0.992 0.287 -0.995 -5.000 -41.000 0.000 Forward 9.02 16.16 88.9 0.026
400 1/3 0.257 -0.989 0.445 -0.971 0.369 -0.986 0.398 -0.994 -5.000 -47.000 0.000 Forward 10.67 13.52 92.1 0.025
500 1/3 0.410 -0.964 0.357 -0.993 0.377 -0.996 0.404 -0.997 -5.000 -46.000 0.000 Forward 8.06 14.01 86.5 0.026
630 1/3 0.295 -0.984 0.286 -0.989 0.343 -0.991 0.452 -0.993 -5.000 -60.000 0.000 Forward 11.04 18.09 92.7 0.025
800 1/3 0.266 -0.990 0.378 -0.991 0.377 -0.996 0.391 -0.998 -5.000 -45.000 0.000 Forward 10.31 16.17 91.5 0.024
1000 1/3 0.278 -0.989 0.379 -0.994 0.392 -0.998 0.406 -0.998 -5.000 -44.000 0.000 Forward 9.97 15.30 90.8 0.027
1250 1/3 0.295 -0.980 0.363 -0.997 0.382 -0.998 0.376 -0.998 -5.000 -33.000 0.000 Forward 9.27 14.20 89.4 0.028
1600 1/3 0.346 -0.957 0.347 -0.996 0.375 -0.997 0.368 -0.998 -5.000 -34.000 0.000 Forward 8.34 14.23 87.2 0.029
2000 1/3 0.362 -0.994 0.306 -0.993 0.366 -0.992 0.274 -0.996 -5.000 -21.000 0.000 Forward 7.87 14.68 86.0 0.026
2500 1/3 0.310 -0.992 0.343 -0.995 0.392 -0.993 0.342 -0.997 -5.000 -28.000 0.000 Forward 9.86 15.35 90.6 0.024
3150 1/3 0.385 -0.994 0.350 -0.996 0.363 -0.998 0.369 -0.999 -5.000 -39.000 0.000 Forward 6.94 14.56 83.2 0.027
4000 1/3 0.334 -0.991 0.325 -0.998 0.359 -0.997 0.308 -0.999 -5.000 -20.000 0.000 Forward 9.22 15.49 89.3 0.021
5000 1/3 0.286 -0.981 0.333 -0.999 0.356 -0.998 0.333 -0.999 -5.000 -27.000 0.000 Forward 10.22 16.10 91.3 0.020
6300 1/3 0.170 -0.903 0.332 -0.999 0.337 -0.999 0.334 -1.000 -5.000 -33.000 0.000 Forward 13.83 18.77 96.0 0.013
8000 1/3 0.203 -0.965 0.293 -0.999 0.301 -0.999 0.297 -0.999 -5.000 -32.000 0.000 Forward 13.37 19.43 95.6 0.015
10000 1/3 0.250 -0.988 0.280 -0.998 0.290 -0.999 0.283 -0.999 -5.000 -32.000 0.000 Forward 12.08 17.72 94.2 0.019

full 1/3 0.275 -0.972 0.314 -0.999 0.341 -0.998 0.316 -0.999 -5.000 -26.000 0.000 Forward 11.16 17.20 92.9 0.017

