RT60 data saved by REW V5.31.1
Source: Scarlett 2i4 USB, MICROPHONE, R, volume: no control. Timing signal peak level -31.1 dBFS, measurement signal peak level -22.1 dBFS
Dated: Apr 16, 2024 3:44:36 PM
Measurement: screen-p3-rl
Sweep level: -18.0 dBFS
Response measured over: 10.1 to 20,000.0 Hz
Peak value: 0.0016439512 at index 44100
Response length: 131072 samples
Sample interval: 2.2675736961451248E-5 seconds
Start time: -0.997443719293726 seconds

Format is freq (Hz), BW (octaves), EDT (s), r, T20 (s), r, T30 (s), r, Topt (s), r, ToptStart (dB), ToptEnd (dB), T60M (s), reverse/forward/zero phase filtered, C50 (dB), C80 (dB), D50 (%), TS (s)

50 1/3 1.208 -0.964 0.695 -0.996 0.680 -0.998 0.694 -0.998 -5.000 -40.000 0.000 Forward 1.15 3.16 56.6 0.122
63 1/3 0.677 -0.918 0.623 -0.998 0.579 -0.998 0.585 -0.999 -5.000 -50.000 0.000 Forward 6.20 9.67 80.6 0.087
80 1/3 0.524 -0.885 0.290 -0.978 0.375 -0.966 0.284 -0.990 -5.000 -32.000 0.000 Forward 12.19 18.87 94.3 0.057
100 1/3 0.606 -0.876 0.249 -0.958 0.261 -0.986 0.156 -0.993 -5.000 -20.000 0.000 Forward 10.58 23.87 91.9 0.058
125 1/3 0.528 -0.919 0.153 -0.994 0.170 -0.989 0.149 -0.997 -5.000 -32.000 0.000 Forward 6.63 20.65 82.1 0.054
160 1/3 0.326 -0.987 0.297 -0.996 0.273 -0.995 0.295 -0.996 -5.000 -28.000 0.000 Forward 9.75 20.35 90.4 0.034
200 1/3 0.209 -0.948 0.211 -0.976 0.326 -0.970 0.449 -0.985 -5.000 -57.000 0.000 Forward 13.39 25.25 95.6 0.027
250 1/3 0.309 -0.968 0.322 -0.960 0.417 -0.974 0.555 -0.991 -5.000 -60.000 0.000 Forward 13.74 19.84 95.9 0.031
315 1/3 0.376 -0.978 0.413 -0.997 0.404 -0.998 0.402 -0.998 -5.000 -44.000 0.000 Forward 8.20 13.56 86.8 0.029
400 1/3 0.289 -0.990 0.355 -0.990 0.339 -0.996 0.356 -0.996 -5.000 -41.000 0.000 Forward 9.76 16.87 90.4 0.027
500 1/3 0.516 -0.985 0.298 -0.979 0.321 -0.991 0.336 -0.995 -5.000 -42.000 0.000 Forward 5.66 13.87 78.6 0.032
630 1/3 0.369 -0.993 0.367 -0.995 0.392 -0.997 0.395 -0.998 -5.000 -42.000 0.000 Forward 8.07 13.56 86.5 0.029
800 1/3 0.223 -0.963 0.347 -0.991 0.401 -0.993 0.413 -0.996 -5.000 -43.000 0.000 Forward 12.35 17.56 94.5 0.026
1000 1/3 0.314 -0.981 0.391 -0.992 0.431 -0.996 0.334 -0.996 -5.000 -20.000 0.000 Forward 8.26 14.20 87.0 0.033
1250 1/3 0.288 -0.988 0.403 -0.994 0.443 -0.996 0.509 -0.997 -5.000 -60.000 0.000 Forward 10.23 13.52 91.3 0.024
1600 1/3 0.399 -0.993 0.402 -0.996 0.445 -0.995 0.398 -0.998 -5.000 -28.000 0.000 Forward 6.62 11.79 82.1 0.034
2000 1/3 0.371 -0.991 0.340 -0.993 0.380 -0.994 0.354 -0.996 -5.000 -31.000 0.000 Forward 7.37 14.47 84.5 0.028
2500 1/3 0.305 -0.986 0.342 -0.996 0.371 -0.997 0.360 -0.997 -5.000 -32.000 0.000 Forward 9.75 15.57 90.4 0.024
3150 1/3 0.356 -0.992 0.314 -0.998 0.389 -0.991 0.304 -0.998 -5.000 -22.000 0.000 Forward 8.28 14.62 87.1 0.027
4000 1/3 0.343 -0.989 0.340 -0.997 0.374 -0.998 0.384 -0.998 -5.000 -40.000 0.000 Forward 8.38 13.53 87.3 0.027
5000 1/3 0.259 -0.966 0.318 -0.998 0.348 -0.998 0.325 -0.999 -5.000 -29.000 0.000 Forward 11.84 17.34 93.9 0.017
6300 1/3 0.261 -0.949 0.302 -0.995 0.330 -0.997 0.342 -0.997 -5.000 -39.000 0.000 Forward 12.71 18.54 94.9 0.016
8000 1/3 0.258 -0.964 0.293 -0.997 0.296 -0.999 0.296 -0.999 -5.000 -36.000 0.000 Forward 11.90 18.83 93.9 0.017
10000 1/3 0.274 -0.988 0.291 -0.998 0.296 -0.999 0.296 -0.999 -5.000 -37.000 0.000 Forward 10.40 17.73 91.6 0.019

full 1/3 0.287 -0.986 0.312 -0.996 0.358 -0.995 0.282 -0.998 -5.000 -20.000 0.000 Forward 10.61 17.48 92.0 0.019

