RT60 data saved by REW V5.31.1
Source: Trace Arithmetic result A + B
Dated: Apr 21, 2024 7:33:58 AM
Measurement: screen-p3-lrss
Sweep level: -18.0 dBFS
Response measured over: 10.2 to 19,938.9 Hz
Peak value: 0.004380105 at index 44102
Response length: 8388608 samples
Sample interval: 2.2675736961451248E-5 seconds
Start time: -1.0017233560090704 seconds

Format is freq (Hz), BW (octaves), EDT (s), r, T20 (s), r, T30 (s), r, Topt (s), r, ToptStart (dB), ToptEnd (dB), T60M (s), reverse/forward/zero phase filtered, C50 (dB), C80 (dB), D50 (%), TS (s)

50 1/3 1.037 -0.970 0.694 -0.996 0.651 -0.997 0.663 -0.997 -5.000 -32.000 0.000 Forward 1.59 5.66 59.0 0.116
63 1/3 0.877 -0.968 0.597 -0.999 0.610 -1.000 0.611 -1.000 -5.000 -39.000 0.000 Forward 3.60 6.70 69.6 0.099
80 1/3 0.608 -0.892 0.518 -0.948 0.563 -0.985 0.567 -0.996 -5.000 -56.000 0.000 Forward 9.01 16.25 88.8 0.062
100 1/3 0.740 -0.983 0.576 -0.997 0.599 -0.999 0.599 -0.999 -5.000 -38.000 0.000 Forward 1.22 8.09 57.0 0.054
125 1/3 0.385 -0.935 0.238 -0.987 0.326 -0.963 0.256 -0.990 -5.000 -22.000 0.000 Forward 12.21 19.28 94.3 0.042
160 1/3 0.339 -0.973 0.332 -0.978 0.390 -0.980 0.443 -0.991 -5.000 -60.000 0.000 Forward 14.44 17.01 96.5 0.035
200 1/3 0.472 -0.917 0.384 -0.973 0.347 -0.989 0.375 -0.996 -5.000 -60.000 0.000 Forward 8.68 12.62 88.1 0.048
250 1/3 0.421 -0.978 0.255 -0.988 0.382 -0.970 0.456 -0.990 -5.000 -60.000 0.000 Forward 7.93 17.01 86.1 0.041
315 1/3 0.266 -0.908 0.385 -0.983 0.423 -0.992 0.417 -0.996 -5.000 -60.000 0.000 Forward 11.76 16.65 93.7 0.033
400 1/3 0.439 -0.974 0.334 -0.989 0.412 -0.984 0.353 -0.995 -5.000 -33.000 0.000 Forward 7.39 12.84 84.6 0.043
500 1/3 0.360 -0.979 0.409 -0.978 0.468 -0.989 0.493 -0.996 -5.000 -55.000 0.000 Forward 9.35 15.42 89.6 0.031
630 1/3 0.416 -0.992 0.408 -0.995 0.456 -0.995 0.478 -0.998 -5.000 -53.000 0.000 Forward 6.30 12.92 81.0 0.032
800 1/3 0.349 -0.955 0.472 -0.993 0.452 -0.997 0.469 -0.998 -5.000 -54.000 0.000 Forward 10.56 14.68 91.9 0.021
1000 1/3 0.286 -0.972 0.442 -0.993 0.458 -0.997 0.459 -0.999 -5.000 -54.000 0.000 Forward 9.83 14.27 90.6 0.025
1250 1/3 0.356 -0.952 0.402 -0.992 0.460 -0.994 0.463 -0.998 -5.000 -56.000 0.000 Forward 9.94 12.30 90.8 0.026
1600 1/3 0.378 -0.991 0.489 -0.995 0.455 -0.996 0.461 -0.999 -5.000 -54.000 0.000 Forward 8.00 13.46 86.3 0.025
2000 1/3 0.393 -0.988 0.380 -0.994 0.409 -0.997 0.428 -0.998 -5.000 -57.000 0.000 Forward 7.60 13.69 85.2 0.027
2500 1/3 0.365 -0.959 0.430 -0.999 0.433 -0.999 0.430 -1.000 -5.000 -43.000 0.000 Forward 9.42 13.47 89.7 0.019
3150 1/3 0.319 -0.965 0.422 -0.998 0.439 -0.999 0.435 -0.999 -5.000 -34.000 0.000 Forward 9.33 13.73 89.6 0.023
4000 1/3 0.414 -0.972 0.423 -0.998 0.440 -0.999 0.430 -0.999 -5.000 -32.000 0.000 Forward 9.37 13.83 89.6 0.017
5000 1/3 0.374 -0.985 0.408 -0.997 0.419 -0.999 0.426 -0.999 -5.000 -39.000 0.000 Forward 9.03 14.67 88.9 0.020
6300 1/3 0.473 -0.918 0.417 -0.997 0.422 -0.999 0.420 -0.999 -5.000 -43.000 0.000 Forward 10.38 14.87 91.6 0.014
8000 1/3 0.370 -0.926 0.368 -0.996 0.375 -0.998 0.378 -0.999 -5.000 -37.000 0.000 Forward 11.89 15.63 93.9 0.013
10000 1/3 0.345 -0.894 0.330 -0.996 0.340 -0.998 0.345 -0.998 -5.000 -38.000 0.000 Forward 12.50 17.71 94.7 0.011

full 1/3 0.365 -0.989 0.430 -0.998 0.473 -0.997 0.445 -0.998 -5.000 -29.000 0.000 Forward 9.96 14.54 90.8 0.018

