RT60 data saved by REW V5.31.1
Source: Scarlett 2i4 USB, MICROPHONE, R, volume: no control. Timing signal peak level -31.1 dBFS, measurement signal peak level -24.4 dBFS
Dated: Apr 16, 2024 3:44:07 PM
Measurement: screen-p3-c
Sweep level: -18.0 dBFS
Response measured over: 10.1 to 20,000.0 Hz
Peak value: 0.009651531 at index 44100
Response length: 131072 samples
Sample interval: 2.2675736961451248E-5 seconds
Start time: -1.0017111259567661 seconds

Format is freq (Hz), BW (octaves), EDT (s), r, T20 (s), r, T30 (s), r, Topt (s), r, ToptStart (dB), ToptEnd (dB), T60M (s), reverse/forward/zero phase filtered, C50 (dB), C80 (dB), D50 (%), TS (s)

50 1/3 0.728 -0.930 0.595 -0.994 0.560 -0.997 0.560 -0.997 -5.000 -35.000 0.000 Forward 9.15 13.87 89.1 0.085
63 1/3 0.782 -0.859 0.327 -0.968 0.497 -0.968 0.228 -0.986 -5.000 -20.000 0.000 Forward 6.82 17.28 82.8 0.078
80 1/3 0.694 -0.948 0.583 -0.982 0.581 -0.994 0.568 -0.996 -5.000 -41.000 0.000 Forward 4.44 9.62 73.5 0.076
100 1/3 0.719 -0.943 0.516 -0.997 0.494 -0.998 0.486 -0.999 -5.000 -57.000 0.000 Forward 1.36 7.18 57.8 0.088
125 1/3 0.678 -0.961 0.467 -0.988 0.542 -0.991 0.546 -0.998 -5.000 -55.000 0.000 Forward 4.17 8.57 72.3 0.068
160 1/3 0.425 -0.859 0.370 -0.975 0.459 -0.984 0.533 -0.992 -5.000 -49.000 0.000 Forward 9.62 15.29 90.2 0.044
200 1/3 0.566 -0.972 0.268 -0.987 0.371 -0.972 0.269 -0.992 -5.000 -28.000 0.000 Forward 3.70 13.92 70.1 0.043
250 1/3 0.424 -0.941 0.444 -0.984 0.434 -0.993 0.477 -0.995 -5.000 -49.000 0.000 Forward 9.48 14.93 89.9 0.028
315 1/3 0.474 -0.918 0.322 -0.978 0.422 -0.980 0.563 -0.988 -5.000 -60.000 0.000 Forward 8.41 14.80 87.4 0.037
400 1/3 0.273 -0.965 0.414 -0.985 0.454 -0.985 0.401 -0.992 -5.000 -31.000 0.000 Forward 9.80 14.10 90.5 0.031
500 1/3 0.296 -0.949 0.378 -0.987 0.412 -0.993 0.456 -0.995 -5.000 -47.000 0.000 Forward 9.76 15.01 90.4 0.024
630 1/3 0.283 -0.983 0.327 -0.994 0.420 -0.983 0.331 -0.996 -5.000 -27.000 0.000 Forward 12.11 16.73 94.2 0.022
800 1/3 0.355 -0.994 0.462 -0.972 0.458 -0.988 0.504 -0.995 -5.000 -48.000 0.000 Forward 8.74 15.16 88.2 0.028
1000 1/3 0.375 -0.993 0.410 -0.977 0.447 -0.992 0.492 -0.996 -5.000 -52.000 0.000 Forward 7.15 13.57 83.8 0.031
1250 1/3 0.328 -0.993 0.410 -0.997 0.464 -0.996 0.467 -0.998 -5.000 -49.000 0.000 Forward 8.03 13.23 86.4 0.028
1600 1/3 0.309 -0.988 0.391 -0.997 0.408 -0.997 0.408 -0.998 -5.000 -40.000 0.000 Forward 9.13 13.64 89.1 0.024
2000 1/3 0.280 -0.992 0.387 -0.996 0.416 -0.997 0.422 -0.998 -5.000 -39.000 0.000 Forward 10.37 15.09 91.6 0.021
2500 1/3 0.348 -0.988 0.383 -0.995 0.399 -0.998 0.404 -0.999 -5.000 -39.000 0.000 Forward 9.32 15.75 89.5 0.019
3150 1/3 0.341 -0.988 0.353 -0.999 0.375 -0.999 0.362 -0.999 -5.000 -30.000 0.000 Forward 9.70 15.68 90.3 0.018
4000 1/3 0.314 -0.964 0.356 -0.997 0.381 -0.998 0.390 -0.998 -5.000 -39.000 0.000 Forward 11.95 17.44 94.0 0.013
5000 1/3 0.353 -0.958 0.326 -0.995 0.354 -0.996 0.359 -0.997 -5.000 -37.000 0.000 Forward 11.08 18.07 92.8 0.015
6300 1/3 0.401 -0.936 0.271 -0.994 0.327 -0.992 0.283 -0.994 -5.000 -28.000 0.000 Forward 11.39 19.17 93.2 0.016
8000 1/3 0.448 -0.913 0.306 -0.995 0.324 -0.997 0.310 -0.997 -5.000 -30.000 0.000 Forward 13.44 19.35 95.7 0.010
10000 1/3 0.463 -0.924 0.266 -0.992 0.286 -0.996 0.325 -0.997 -5.000 -54.000 0.000 Forward 14.63 21.37 96.7 0.010

full 1/3 0.387 -0.979 0.328 -0.997 0.371 -0.996 0.315 -0.997 -5.000 -23.000 0.000 Forward 12.12 18.20 94.2 0.012

