RT60 data saved by REW V5.31.1
Source: Scarlett 2i4 USB, MICROPHONE, R, volume: no control. Timing signal peak level -30.5 dBFS, measurement signal peak level -21.7 dBFS
Dated: Apr 16, 2024 3:40:28 PM
Measurement: screen-p2-rl
Sweep level: -18.0 dBFS
Response measured over: 10.1 to 20,000.0 Hz
Peak value: 0.0034220894 at index 44100
Response length: 131072 samples
Sample interval: 2.2675736961451248E-5 seconds
Start time: -0.9969820681862146 seconds

Format is freq (Hz), BW (octaves), EDT (s), r, T20 (s), r, T30 (s), r, Topt (s), r, ToptStart (dB), ToptEnd (dB), T60M (s), reverse/forward/zero phase filtered, C50 (dB), C80 (dB), D50 (%), TS (s)

50 1/3 1.024 -0.981 0.736 -0.993 0.710 -0.997 0.717 -0.998 -5.000 -43.000 0.000 Forward 4.49 6.08 73.8 0.096
63 1/3 0.756 -0.984 0.415 -0.976 0.489 -0.978 0.624 -0.986 -5.000 -57.000 0.000 Forward 5.97 11.43 79.8 0.069
80 1/3 0.467 -0.982 0.427 -0.992 0.504 -0.989 0.448 -0.996 -5.000 -32.000 0.000 Forward 9.22 15.70 89.3 0.050
100 1/3 0.289 -0.943 0.426 -0.935 0.337 -0.979 0.352 -0.987 -5.000 -40.000 0.000 Forward 11.48 15.69 93.4 0.037
125 1/3 0.326 -0.920 0.184 -0.968 0.257 -0.973 0.126 -0.997 -5.000 -20.000 0.000 Forward 20.83 29.52 99.2 0.035
160 1/3 0.209 -0.930 0.263 -0.983 0.276 -0.970 0.274 -0.986 -5.000 -23.000 0.000 Forward 16.62 28.63 97.9 0.027
200 1/3 0.319 -0.970 0.370 -0.987 0.385 -0.993 0.366 -0.997 -5.000 -54.000 0.000 Forward 9.85 17.91 90.6 0.032
250 1/3 0.432 -0.973 0.426 -0.992 0.398 -0.994 0.385 -0.994 -5.000 -42.000 0.000 Forward 7.47 14.35 84.8 0.031
315 1/3 0.291 -0.985 0.371 -0.987 0.390 -0.994 0.377 -0.997 -5.000 -54.000 0.000 Forward 11.09 14.54 92.8 0.029
400 1/3 0.301 -0.976 0.319 -0.992 0.350 -0.994 0.352 -0.995 -5.000 -38.000 0.000 Forward 10.47 16.39 91.8 0.023
500 1/3 0.258 -0.964 0.295 -0.984 0.334 -0.992 0.350 -0.997 -5.000 -49.000 0.000 Forward 14.84 20.14 96.8 0.021
630 1/3 0.247 -0.946 0.257 -0.994 0.312 -0.988 0.271 -0.995 -5.000 -30.000 0.000 Forward 13.84 20.62 96.0 0.021
800 1/3 0.177 -0.962 0.393 -0.993 0.352 -0.996 0.370 -0.997 -5.000 -42.000 0.000 Forward 11.48 17.09 93.4 0.020
1000 1/3 0.292 -0.946 0.373 -0.989 0.391 -0.994 0.375 -0.996 -5.000 -33.000 0.000 Forward 9.09 14.16 89.0 0.023
1250 1/3 0.308 -0.981 0.376 -0.996 0.377 -0.998 0.377 -0.998 -5.000 -35.000 0.000 Forward 9.23 14.37 89.3 0.023
1600 1/3 0.349 -0.986 0.381 -0.998 0.402 -0.999 0.402 -0.999 -5.000 -35.000 0.000 Forward 9.68 15.11 90.3 0.018
2000 1/3 0.252 -0.990 0.378 -0.996 0.391 -0.998 0.398 -0.999 -5.000 -41.000 0.000 Forward 11.44 15.73 93.3 0.016
2500 1/3 0.348 -0.984 0.352 -0.998 0.363 -0.999 0.363 -0.999 -5.000 -36.000 0.000 Forward 10.45 15.00 91.7 0.018
3150 1/3 0.322 -0.988 0.372 -0.992 0.396 -0.996 0.316 -0.998 -5.000 -20.000 0.000 Forward 9.99 16.08 90.9 0.020
4000 1/3 0.356 -0.989 0.318 -0.998 0.340 -0.998 0.321 -0.999 -5.000 -29.000 0.000 Forward 8.43 15.01 87.5 0.023
5000 1/3 0.127 -0.895 0.316 -0.995 0.339 -0.998 0.355 -0.998 -10.000 -41.000 0.000 Forward 15.45 21.09 97.2 0.011
6300 1/3 0.097 -0.885 0.331 -0.996 0.327 -0.999 0.326 -0.999 -9.000 -38.000 0.000 Forward 15.53 20.99 97.3 0.012
8000 1/3 0.251 -0.978 0.293 -0.998 0.310 -0.999 0.300 -0.999 -5.000 -30.000 0.000 Forward 12.19 18.58 94.3 0.017
10000 1/3 0.111 -0.922 0.249 -0.997 0.269 -0.998 0.289 -0.999 -10.000 -45.000 0.000 Forward 17.46 23.96 98.2 0.012

full 1/3 0.210 -0.938 0.322 -0.999 0.351 -0.998 0.322 -0.999 -5.000 -25.000 0.000 Forward 12.97 18.87 95.2 0.013

