RT60 data saved by REW V5.31.1
Source: Scarlett 2i4 USB, MICROPHONE, R, volume: no control. Timing signal peak level -31.1 dBFS, measurement signal peak level -22.8 dBFS
Dated: Apr 16, 2024 3:43:16 PM
Measurement: screen-p3-l
Sweep level: -18.0 dBFS
Response measured over: 10.1 to 20,000.0 Hz
Peak value: 0.003094652 at index 44100
Response length: 131072 samples
Sample interval: 2.2675736961451248E-5 seconds
Start time: -1.0000500484979167 seconds

Format is freq (Hz), BW (octaves), EDT (s), r, T20 (s), r, T30 (s), r, Topt (s), r, ToptStart (dB), ToptEnd (dB), T60M (s), reverse/forward/zero phase filtered, C50 (dB), C80 (dB), D50 (%), TS (s)

50 1/3 1.051 -0.954 0.695 -0.991 0.661 -0.997 0.650 -0.998 -5.000 -41.000 0.000 Forward 0.03 5.74 50.2 0.125
63 1/3 1.032 -0.972 0.611 -1.000 0.604 -1.000 0.604 -1.000 -5.000 -35.000 0.000 Forward 0.00 3.64 50.0 0.105
80 1/3 0.656 -0.872 0.501 -0.969 0.537 -0.990 0.545 -0.997 -5.000 -54.000 0.000 Forward 6.76 14.45 82.6 0.075
100 1/3 0.652 -0.978 0.745 -0.993 0.733 -0.997 0.712 -0.999 -5.000 -48.000 0.000 Forward 5.40 9.52 77.6 0.069
125 1/3 0.499 -0.909 0.210 -0.990 0.358 -0.956 0.203 -0.994 -5.000 -20.000 0.000 Forward 8.01 19.81 86.4 0.054
160 1/3 0.565 -0.971 0.287 -0.985 0.380 -0.984 0.492 -0.990 -5.000 -60.000 0.000 Forward 5.15 16.48 76.6 0.047
200 1/3 0.467 -0.921 0.311 -0.988 0.347 -0.993 0.348 -0.995 -5.000 -37.000 0.000 Forward 6.91 14.58 83.1 0.053
250 1/3 0.517 -0.994 0.284 -0.946 0.427 -0.947 0.538 -0.988 -5.000 -60.000 0.000 Forward 5.83 18.76 79.3 0.040
315 1/3 0.242 -0.979 0.266 -0.986 0.426 -0.964 0.437 -0.992 -5.000 -60.000 0.000 Forward 14.50 22.35 96.6 0.026
400 1/3 0.233 -0.977 0.399 -0.990 0.460 -0.991 0.488 -0.995 -5.000 -49.000 0.000 Forward 12.08 16.69 94.2 0.026
500 1/3 0.360 -0.972 0.379 -0.987 0.460 -0.990 0.483 -0.995 -5.000 -44.000 0.000 Forward 10.09 13.95 91.1 0.033
630 1/3 0.343 -0.991 0.410 -0.995 0.474 -0.994 0.502 -0.997 -5.000 -46.000 0.000 Forward 8.08 12.45 86.5 0.031
800 1/3 0.369 -0.948 0.467 -0.992 0.461 -0.993 0.496 -0.997 -5.000 -55.000 0.000 Forward 9.61 13.40 90.1 0.021
1000 1/3 0.370 -0.958 0.422 -0.996 0.451 -0.996 0.422 -0.998 -5.000 -30.000 0.000 Forward 9.54 13.86 90.0 0.024
1250 1/3 0.379 -0.978 0.407 -0.997 0.457 -0.997 0.486 -0.998 -5.000 -48.000 0.000 Forward 8.35 13.38 87.2 0.023
1600 1/3 0.377 -0.988 0.474 -0.996 0.452 -0.997 0.459 -0.998 -5.000 -39.000 0.000 Forward 7.64 13.66 85.3 0.027
2000 1/3 0.415 -0.989 0.365 -0.993 0.412 -0.995 0.326 -0.997 -5.000 -21.000 0.000 Forward 6.98 13.33 83.3 0.026
2500 1/3 0.385 -0.988 0.423 -0.996 0.426 -0.998 0.426 -0.999 -5.000 -37.000 0.000 Forward 8.73 13.09 88.2 0.022
3150 1/3 0.328 -0.935 0.398 -0.990 0.431 -0.996 0.453 -0.996 -5.000 -41.000 0.000 Forward 11.21 15.79 93.0 0.017
4000 1/3 0.383 -0.963 0.429 -0.995 0.454 -0.997 0.459 -0.998 -5.000 -38.000 0.000 Forward 10.34 15.26 91.5 0.015
5000 1/3 0.342 -0.964 0.374 -0.997 0.409 -0.998 0.409 -0.998 -5.000 -35.000 0.000 Forward 9.35 14.71 89.6 0.021
6300 1/3 0.391 -0.960 0.388 -0.996 0.400 -0.999 0.405 -0.999 -5.000 -39.000 0.000 Forward 9.64 15.14 90.2 0.017
8000 1/3 0.377 -0.898 0.324 -0.994 0.353 -0.997 0.361 -0.997 -5.000 -38.000 0.000 Forward 11.99 16.53 94.0 0.014
10000 1/3 0.340 -0.918 0.334 -0.994 0.338 -0.998 0.347 -0.998 -5.000 -40.000 0.000 Forward 13.18 18.23 95.4 0.009

full 1/3 0.373 -0.989 0.432 -0.995 0.481 -0.996 0.443 -0.997 -5.000 -29.000 0.000 Forward 9.32 14.66 89.5 0.019

