* Measurement data measured by REW V5.31
* Source: Scarlett 2i4 USB, MICROPHONE, R, volume: no control. Timing signal peak level -31.6 dBFS, measurement signal peak level -20.5 dBFS
* Format: 512k Log Swept Sine, 1 sweep at -18.0 dBFS using an acoustic timing reference
* Dated: Apr 16, 2024 3:43:42 PM
* REW Settings:
*  C-weighting compensation: Off
*  Target level: 75.0 dB
* Note: ; Delay -1.7251 ms (-592 mm, -(1 ft 11.3 in)) using estimated IR delay relative to Acoustic reference played from SPEAKER L with no timing offset
* Measurement: screen-p3-r
* Smoothing: 1/48 octave
* Frequency Step: 96 ppo
* Start Frequency: 10.093689 Hz
*
* Freq(Hz) SPL(dB) Phase(degrees)
10.093689 21.537 18.7903
10.166832 21.911 15.9975
10.240505 22.362 12.9154
10.314712 22.823 9.7443
10.389457 23.273 6.6104
10.464743 23.659 3.5218
10.540575 23.943 0.1556
10.616956 24.158 -3.3718
10.693891 24.317 -6.8792
10.771383 24.421 -10.2126
10.849437 24.471 -13.6030
10.928057 24.464 -17.1975
11.007246 24.400 -20.8333
11.087009 24.283 -24.3261
11.167350 24.112 -27.6756
11.248273 23.886 -31.1751
11.329783 23.602 -34.7438
11.411883 23.260 -38.2313
11.494578 22.860 -41.5280
11.577873 22.401 -44.8617
11.661771 21.879 -48.2522
11.746277 21.288 -51.6359
11.831395 20.628 -54.9119
11.917130 19.903 -58.1759
12.003487 19.093 -61.5258
12.090469 18.168 -65.0338
12.178081 17.115 -68.7306
12.266329 15.940 -72.7057
12.355216 14.625 -77.2165
12.444747 13.118 -82.7060
12.534926 11.202 -90.1274
12.625760 8.966 -101.4293
12.717251 7.098 -121.2780
12.809406 6.579 -159.1352
12.902228 7.757 156.4241
12.995723 9.856 131.7712
13.089895 12.038 117.9762
13.184750 13.933 108.0953
13.280292 15.739 100.4590
13.376526 17.430 93.8718
13.473458 18.924 87.4565
13.571093 20.200 80.9942
13.669434 21.311 74.7249
13.768489 22.312 68.5220
13.868261 23.230 62.0096
13.968756 24.051 55.2257
14.069979 24.789 48.5112
14.171936 25.459 41.7737
14.274632 26.058 34.5198
14.378072 26.588 27.2115
14.482261 27.054 20.1444
14.587206 27.458 12.6548
14.692910 27.796 4.9231
14.799381 28.066 -2.4625
14.906624 28.269 -9.9465
15.014643 28.399 -17.8339
15.123446 28.445 -25.3560
15.233036 28.404 -32.6296
15.343421 28.270 -40.3568
15.454606 28.014 -47.7013
15.566596 27.627 -54.4585
15.679398 27.097 -61.5471
15.793018 26.342 -68.0930
15.907460 25.297 -73.4615
16.022732 23.971 -78.3931
16.138840 22.360 -81.4807
16.255788 20.239 -79.7163
16.373585 17.974 -67.1686
16.492234 17.194 -32.5696
16.611744 19.015 0.8568
16.732119 21.961 12.7443
16.853367 24.561 14.1765
16.975494 26.659 11.7311
17.098505 28.446 8.0417
17.222408 29.929 3.6810
17.347209 31.114 -1.3618
17.472914 32.089 -6.2656
17.599530 32.909 -11.0590
17.727063 33.571 -15.9752
17.855521 34.112 -20.3679
17.984909 34.539 -24.5526
18.115235 34.872 -28.4587
18.246506 35.138 -31.7174
18.378727 35.340 -34.6128
18.511907 35.514 -37.0386
18.646052 35.676 -38.8881
18.781169 35.839 -40.3558
18.917265 36.032 -41.5683
19.054347 36.255 -42.4711
19.192423 36.504 -43.3854
19.331499 36.779 -44.3685
19.471583 37.059 -45.4173
19.612682 37.321 -46.6748
19.754804 37.559 -48.0825
19.897956 37.749 -49.4473
20.042144 37.885 -50.8679
20.187378 37.972 -52.0441
20.333664 38.009 -52.8534
20.481010 38.021 -53.2819
20.629424 38.043 -53.0753
20.778913 38.093 -52.3147
20.929486 38.231 -51.1960
21.081150 38.468 -49.6931
21.233912 38.809 -48.4209
21.387782 39.253 -47.4196
21.542767 39.750 -46.9786
21.698874 40.266 -47.2385
21.856113 40.765 -47.9867
22.014492 41.210 -49.2335
22.174018 41.595 -50.7396
22.334700 41.909 -52.2371
22.496546 42.163 -53.7010
22.659566 42.382 -54.7513
22.823766 42.585 -55.4846
22.989157 42.825 -55.7789
23.155745 43.118 -55.7410
23.323542 43.497 -55.7197
23.492554 43.957 -55.7557
23.662790 44.473 -56.3484
23.834261 45.020 -57.3810
24.006973 45.543 -59.0343
24.180938 46.023 -61.1163
24.356163 46.424 -63.4185
24.532658 46.746 -65.7961
24.710431 46.991 -67.8196
24.889493 47.191 -69.4305
25.069853 47.390 -70.2178
25.251519 47.657 -70.4098
25.434502 48.058 -69.9074
25.618811 48.626 -69.5601
25.804456 49.370 -69.5032
25.991445 50.217 -70.6700
26.179790 51.118 -72.8720
26.369500 51.980 -76.4362
26.560584 52.765 -80.9471
26.753053 53.426 -86.3792
26.946917 53.946 -92.2626
27.142185 54.310 -98.6508
27.338869 54.511 -104.9119
27.536977 54.550 -111.2115
27.736522 54.435 -116.8503
27.937512 54.189 -121.8734
28.139959 53.844 -125.7351
28.343872 53.482 -128.3804
28.549264 53.176 -129.5735
28.756143 53.049 -129.8322
28.964522 53.136 -129.7462
29.174411 53.444 -130.1012
29.385821 53.864 -131.6821
29.598763 54.312 -134.4553
29.813248 54.681 -138.4785
30.029287 54.916 -143.1573
30.246891 54.984 -148.3890
30.466073 54.869 -153.4559
30.686842 54.582 -158.0337
30.909212 54.147 -161.7258
31.133193 53.637 -163.9120
31.358797 53.159 -164.5692
31.586035 52.826 -163.5839
31.814921 52.754 -161.9498
32.045465 52.930 -160.5743
32.277680 53.287 -160.1575
32.511577 53.688 -161.0731
32.747169 54.046 -162.8819
32.984469 54.319 -165.2548
33.223488 54.499 -167.6646
33.464239 54.631 -169.6896
33.706735 54.767 -171.2606
33.950987 54.967 -172.3549
34.197010 55.275 -173.3640
34.444816 55.685 -174.7128
34.694417 56.165 -176.6442
34.945827 56.666 -179.3270
35.199059 57.142 177.3176
35.454126 57.575 173.4923
35.711041 57.959 169.3448
35.969818 58.300 165.0126
36.230470 58.614 160.5656
36.493011 58.904 155.9807
36.757455 59.170 151.2454
37.023814 59.401 146.3643
37.292104 59.582 141.4142
37.562338 59.710 136.6239
37.834530 59.800 132.2277
38.108695 59.891 128.4117
38.384846 60.043 125.2646
38.662999 60.326 122.6382
38.943167 60.774 120.0098
39.225365 61.362 116.8444
39.509608 62.029 112.8771
39.795911 62.708 108.1426
40.084289 63.356 102.9002
40.374756 63.973 97.5382
40.667328 64.605 92.4145
40.962020 65.326 87.5727
41.258848 66.193 82.6544
41.557827 67.209 77.0732
41.858972 68.319 70.3107
42.162299 69.436 62.1235
42.467824 70.473 52.5607
42.775564 71.369 41.8685
43.085533 72.083 30.3920
43.397749 72.599 18.5129
43.712227 72.914 6.6247
44.028983 73.040 -4.9115
44.348036 73.002 -15.7825
44.669400 72.837 -25.7393
44.993093 72.595 -34.6331
45.319131 72.329 -42.4570
45.647532 72.080 -49.3470
45.978313 71.868 -55.5167
46.311491 71.692 -61.1418
46.647083 71.542 -66.2794
46.985107 71.417 -70.8818
47.325581 71.335 -74.8986
47.668521 71.321 -78.3843
48.013947 71.395 -81.5187
48.361876 71.553 -84.5089
48.712326 71.782 -87.4641
49.065315 72.072 -90.3741
49.420863 72.433 -93.2135
49.778987 72.880 -96.0668
50.139706 73.419 -99.1386
50.503039 74.036 -102.6274
50.869005 74.707 -106.6052
51.237623 75.426 -111.0330
51.608912 76.204 -115.9176
51.982891 77.054 -121.4687
52.359580 77.962 -128.0862
52.739000 78.869 -136.1537
53.121168 79.692 -145.8224
53.506106 80.349 -156.9514
53.893833 80.775 -169.2205
54.284370 80.928 177.7993
54.677737 80.783 164.6155
55.073955 80.339 151.7748
55.473043 79.612 139.8403
55.875024 78.649 129.3336
56.279917 77.525 120.6372
56.687745 76.339 113.8628
57.098527 75.188 108.6885
57.512287 74.122 104.5371
57.929045 73.138 101.0027
58.348822 72.213 98.0364
58.771642 71.351 95.7180
59.197525 70.581 93.9307
59.626495 69.917 92.2966
60.058573 69.333 90.4722
60.493782 68.782 88.4080
60.932145 68.233 86.3167
61.373685 67.690 84.3779
61.818424 67.170 82.5676
62.266386 66.676 80.7230
62.717593 66.195 78.7593
63.172071 65.712 76.7478
63.629842 65.229 74.8218
64.090930 64.764 73.0164
64.555359 64.336 71.1863
65.023154 63.945 69.0574
65.494339 63.566 66.3929
65.968938 63.152 63.1362
66.446976 62.657 59.4683
66.928478 62.061 55.7426
67.413469 61.378 52.2557
67.901975 60.642 48.9944
68.394021 59.874 45.5742
68.889632 59.041 41.5165
69.388835 58.063 36.5334
69.891655 56.839 30.5543
70.398118 55.262 23.4965
70.908252 53.234 14.6885
71.422083 50.831 1.8997
71.939636 49.251 -38.6838
72.460941 50.590 -172.5833
72.986023 53.305 164.1814
73.514909 55.514 147.0400
74.047629 56.934 131.2214
74.584208 57.669 116.5696
75.124676 57.912 103.5966
75.669061 57.882 92.2106
76.217390 57.775 81.4946
76.769692 57.661 69.8767
77.325997 57.493 56.1273
77.886333 57.201 39.8160
78.450730 56.798 20.8435
79.019216 56.386 -0.7887
79.591822 56.130 -24.5118
80.168577 56.152 -48.8160
80.749512 56.462 -71.6127
81.334656 56.955 -91.4626
81.924040 57.494 -108.0663
82.517696 57.976 -121.7156
83.115653 58.348 -132.7009
83.717943 58.622 -141.0948
84.324598 58.875 -146.8638
84.935649 59.235 -150.2228
85.551128 59.815 -152.0695
86.171066 60.621 -153.9182
86.795497 61.538 -156.9685
87.424453 62.428 -161.4161
88.057967 63.217 -166.8250
88.696071 63.884 -172.7927
89.338800 64.428 -179.1581
89.986185 64.842 174.1062
90.638262 65.106 166.9218
91.295065 65.166 159.0818
91.956626 64.909 150.6145
92.622982 64.199 142.6265
93.294166 63.026 138.3398
93.970214 61.837 143.3198
94.651161 61.630 156.8632
95.337042 62.580 164.6481
96.027894 63.781 163.8090
96.723752 64.757 159.6023
97.424652 65.520 154.7539
98.130631 66.165 149.6160
98.841726 66.733 143.9080
99.557974 67.223 137.4099
100.279412 67.605 129.8937
101.006078 67.817 121.2952
101.738010 67.801 111.9441
102.475245 67.537 102.3734
103.217823 67.034 92.9218
103.965782 66.299 83.6589
104.719161 65.310 74.7676
105.477999 64.053 66.8719
106.242336 62.568 60.7848
107.012212 60.963 56.8546
107.787666 59.381 54.6080
108.568740 57.934 52.8367
109.355474 56.650 50.1168
110.147909 55.486 45.3898
110.946086 54.415 37.6210
111.750047 53.506 24.9902
112.559834 52.960 5.0907
113.375489 53.053 -22.5387
114.197055 53.881 -52.3273
115.024574 55.195 -77.0398
115.858089 56.635 -95.3345
116.697645 57.960 -109.0435
117.543284 59.071 -119.6313
118.395051 59.970 -127.7427
119.252990 60.727 -133.6196
120.117147 61.448 -137.3901
120.987565 62.262 -139.3843
121.864291 63.237 -140.7979
122.747370 64.302 -143.2588
123.636848 65.316 -147.3030
124.532771 66.190 -152.3513
125.435187 66.898 -157.8970
126.344142 67.434 -163.5703
127.259684 67.826 -168.8101
128.181860 68.135 -173.3350
129.110718 68.416 -177.2983
130.046308 68.697 179.0315
130.988677 68.962 175.1416
131.937875 69.152 170.8311
132.893951 69.229 166.6943
133.856956 69.225 163.3381
134.826938 69.206 160.9614
135.803950 69.245 159.3994
136.788041 69.396 158.3567
137.779264 69.696 157.4224
138.777669 70.108 155.4810
139.783309 70.515 152.0073
140.796237 70.832 147.6299
141.816504 71.034 142.7505
142.844165 71.099 137.4019
143.879273 70.986 131.6953
144.921881 70.643 126.0513
145.972045 70.054 121.5303
147.029819 69.304 119.5400
148.095257 68.612 121.0322
149.168417 68.280 125.3696
150.249353 68.474 129.8628
151.338121 69.081 132.0872
152.434780 69.852 131.3081
153.539385 70.579 127.7983
154.651995 71.125 122.1191
155.772667 71.419 115.1929
156.901460 71.469 108.0925
158.038432 71.331 101.1807
159.183644 71.019 94.0032
160.337154 70.479 86.5293
161.499023 69.670 79.7942
162.669312 68.647 74.8176
163.848081 67.508 71.3582
165.035392 66.271 68.2703
166.231306 64.832 65.7463
167.435887 63.116 66.1445
168.649196 61.242 71.1558
169.871298 59.626 82.7007
171.102255 59.354 109.8015
172.342133 60.993 135.0864
173.590995 63.225 140.2576
174.848907 65.132 136.5061
176.115934 66.518 128.7971
177.392143 67.373 119.0928
178.677599 67.750 108.8750
179.972371 67.693 98.5776
181.276525 67.185 88.5872
182.590129 66.215 80.5098
183.913252 64.914 76.9314
185.245964 63.672 79.5972
186.588332 63.037 85.9309
187.940428 63.193 90.1809
189.302322 63.763 89.0991
190.674085 64.235 82.4731
192.055788 64.283 72.3455
193.447503 63.861 61.9736
194.849303 63.182 52.8569
196.261262 62.462 42.3484
197.683452 61.625 27.2651
199.115948 60.418 6.9761
200.558824 58.899 -15.9055
202.012156 58.474 -10.6948
203.476019 60.606 49.1914
204.950490 63.519 21.4673
206.435646 66.033 -11.2109
207.931564 68.131 -40.2205
209.438322 69.882 -65.6829
210.955998 71.180 -89.5198
212.484672 71.911 -111.7168
214.024424 72.111 -130.8870
215.575333 71.894 -146.5486
217.137481 71.454 -157.1687
218.710948 71.319 -160.3032
220.295818 71.982 -160.8401
221.892172 73.092 -167.0605
223.500094 74.025 -178.8352
225.119668 74.479 166.4229
226.750978 74.353 150.5552
228.394109 73.639 135.1716
230.049147 72.370 121.0164
231.716178 70.544 108.0925
233.395289 68.156 96.4023
235.086567 65.594 85.1646
236.790102 64.711 -128.8870
238.505980 66.513 -131.6821
240.234293 68.789 -146.5212
241.975130 70.574 -158.9680
243.728581 71.912 -169.1914
245.494739 72.953 -178.2412
247.273695 73.767 172.9087
249.065542 74.368 163.8733
250.870374 74.771 154.8591
252.688284 75.010 145.9773
254.519367 75.098 136.8547
256.363720 75.003 127.3030
258.221437 74.658 117.1748
260.092616 73.932 106.4895
261.977354 72.721 97.9543
263.875750 71.216 95.9573
265.787903 69.961 99.8657
267.713911 69.355 103.2947
269.653877 69.194 102.5562
271.607900 69.025 98.3218
273.576083 68.521 91.6555
275.558528 67.472 85.1006
277.555338 66.030 86.2058
279.566619 65.048 98.7905
281.592474 65.091 105.8496
283.633009 65.263 99.7991
285.688331 64.581 88.4658
287.758546 62.915 85.1560
289.843763 61.614 114.2502
291.944090 62.704 152.0664
294.059638 64.842 155.9526
296.190515 66.384 146.9565
298.336833 67.310 139.0198
300.498705 68.276 137.4573
302.676243 69.530 135.1624
304.869559 70.558 125.2224
307.078770 70.964 112.1106
309.303989 70.782 100.2373
311.545334 70.261 91.8416
313.802919 69.881 89.0793
316.076865 70.018 86.4783
318.367288 70.310 77.3828
320.674309 70.268 65.1003
322.998047 69.835 53.2083
325.338624 69.109 41.4780
327.696162 68.050 28.8987
330.070783 66.505 16.9856
332.462612 64.474 10.9639
334.871773 62.407 13.8403
337.298392 60.848 15.6458
339.742595 59.650 13.4536
342.204510 58.774 16.1804
344.684265 59.134 32.4382
347.181989 60.952 40.5002
349.697813 63.107 34.1270
352.231868 64.867 20.2876
354.784285 65.700 -1.3884
357.355198 65.328 -24.3853
359.944741 63.960 -39.9707
362.553049 62.590 -37.9541
365.180258 62.845 -26.1812
367.826505 64.403 -29.0828
370.491927 65.908 -41.2942
373.176665 66.782 -58.1545
375.880856 66.870 -75.7893
378.604644 66.351 -89.5205
381.348169 65.624 -98.8188
384.111575 64.887 -107.5835
386.895006 63.974 -117.2527
389.698607 63.120 -116.7979
392.522524 63.789 -92.5615
395.366904 65.818 -88.4272
398.231895 67.466 -103.6274
401.117648 68.095 -124.0813
404.024312 67.725 -143.1794
406.952038 66.739 -156.1074
409.900981 65.778 -164.3337
412.871292 65.025 -176.7307
415.863128 63.855 165.8159
418.876643 61.970 160.7676
421.911996 60.858 -171.5530
424.969344 62.022 -167.2063
428.048847 63.699 174.4907
431.150666 64.557 146.2268
434.274961 64.453 114.8362
437.421897 63.595 84.1270
440.591636 62.469 58.3184
443.784345 61.742 34.1213
447.000189 61.120 4.0752
450.239337 60.096 -26.4268
453.501956 59.844 16.2446
456.788219 61.332 66.2153
460.098294 62.860 39.7407
463.432356 63.548 17.6074
466.790578 63.713 3.0916
470.173135 63.743 -6.4771
473.580203 64.377 -5.3638
477.011961 66.290 3.5784
480.468586 68.601 -1.1143
483.950259 70.364 -16.2725
487.457163 71.270 -35.7380
490.989478 71.231 -55.7454
494.547390 70.436 -71.4885
498.131084 69.304 -83.2312
501.740748 68.029 -94.6455
505.376568 66.395 -107.4568
509.038735 64.037 -117.5945
512.727439 60.946 -116.9414
516.442874 58.123 -80.2771
520.185232 57.782 -35.6453
523.954708 59.492 -28.6443
527.751500 61.948 -21.7505
531.575805 64.716 -16.3491
535.427822 67.065 -22.8132
539.307753 68.424 -38.8782
543.215800 68.744 -55.6045
547.152165 68.456 -67.4663
551.117055 68.145 -74.5400
555.110677 68.067 -82.7485
559.133237 67.886 -95.2146
563.184947 67.170 -110.6069
567.266018 65.663 -124.8972
571.376661 63.593 -130.8286
575.517092 62.097 -128.2234
579.687526 62.120 -138.9900
583.888181 62.859 -174.2510
588.119275 63.763 115.2300
592.381030 64.624 32.1755
596.673667 65.205 -19.7461
600.997410 65.484 -57.4290
605.352485 65.396 -91.6621
609.739119 64.541 -126.8918
614.157540 62.571 -158.8855
618.607979 60.069 -172.9844
623.090667 59.833 -158.1594
627.605839 62.261 -167.5295
632.153730 64.384 163.9089
636.734576 65.294 133.0688
641.348617 65.303 109.5332
645.996094 65.386 100.2058
650.677248 66.382 96.2278
655.392323 67.549 83.2000
660.141566 67.966 65.7739
664.925224 67.721 54.5452
669.743546 67.374 45.3235
674.596784 66.612 31.9360
679.485191 65.234 25.3723
684.409020 64.756 45.4753
689.368530 66.519 73.8865
694.363979 68.525 65.6877
699.395626 69.497 48.4041
704.463736 69.670 34.3127
709.568570 69.465 21.8762
714.710396 68.726 7.9170
719.889483 67.391 2.0513
725.106099 66.637 11.9548
730.360516 67.402 14.6597
735.653010 68.255 -1.2891
740.983855 67.812 -28.5671
746.353329 66.063 -58.5347
751.761713 64.003 -101.3787
757.209288 62.514 59.3765
762.696339 61.100 38.1814
768.223151 60.109 49.4480
773.790013 60.577 62.6025
779.397214 61.243 54.4077
785.045047 61.974 57.4514
790.733808 64.181 77.3306
796.463791 66.951 76.5693
802.235296 68.781 58.8354
808.048623 69.254 36.5735
813.904077 68.814 19.6868
819.801961 68.206 10.0679
825.742584 67.476 -3.9285
831.726255 66.331 -12.9143
837.753287 65.434 -17.0146
843.823992 64.826 -29.9890
849.938689 64.771 -29.9509
856.097695 65.983 -11.9717
862.301332 67.439 -31.3154
868.549922 68.053 -61.8369
874.843793 68.039 -90.7009
881.183272 67.760 -119.5403
887.568689 67.284 -145.2734
894.000378 67.051 -166.9556
900.478673 67.053 168.8237
907.003913 67.277 145.0247
913.576437 67.423 115.9565
920.196588 66.993 84.3511
926.864712 66.227 51.0652
933.581156 65.102 16.6133
940.346270 64.494 -13.1543
947.160407 65.399 -46.2422
954.023921 66.406 -87.5889
960.937172 66.505 -129.2280
967.900519 66.456 -160.9111
974.914325 67.588 176.0708
981.978956 69.157 139.7954
989.094780 69.921 93.9019
996.262169 69.977 49.0386
1003.481495 69.880 6.7852
1010.753136 69.255 -33.9106
1018.077470 67.987 -64.3135
1025.454879 67.314 -82.9834
1032.885748 67.526 -107.0537
1040.370463 67.259 -137.9438
1047.909417 65.898 -167.7852
1055.503000 63.560 171.3931
1063.151610 61.574 158.2861
1070.855645 61.896 140.4824
1078.615506 63.719 99.2295
1086.431599 65.197 39.4941
1094.304330 65.637 -26.8545
1102.234110 64.940 -91.3604
1110.221353 63.700 -145.5923
1118.266475 63.733 168.7563
1126.369895 65.069 117.8813
1134.532035 65.781 71.1260
1142.753322 65.515 38.4189
1151.034184 65.530 20.4316
1159.375052 65.976 -0.6216
1167.776361 66.005 -20.2329
1176.238550 66.475 -30.8599
1184.762060 67.075 -54.1816
1193.347334 66.489 -85.8501
1201.994821 65.507 -114.2734
1210.704971 65.975 -150.5063
1219.478238 66.878 155.8853
1228.315080 66.486 102.9585
1237.215957 65.307 76.7729
1246.181334 64.941 63.0615
1255.211678 64.785 36.9316
1264.307459 63.728 13.4619
1273.469152 62.157 0.3140
1282.697235 60.989 -10.6865
1291.992188 60.254 -24.9790
1301.354495 60.289 -33.2949
1310.784647 61.635 -53.7432
1320.283132 63.208 -104.0742
1329.850448 64.022 -169.7632
1339.487093 63.753 135.9512
1349.193569 62.729 108.3311
1358.970381 62.264 108.8760
1368.818041 62.424 90.2729
1378.737061 62.264 81.5752
1388.727958 62.194 86.0513
1398.791253 61.705 62.7422
1408.927471 60.090 75.3120
1419.137140 57.992 102.2070
1429.420793 56.332 89.0122
1439.778965 56.531 119.2837
1450.212197 58.515 167.0361
1460.721033 60.246 146.8135
1471.306019 60.939 128.9785
1481.967709 60.893 133.1592
1492.706658 60.789 112.8560
1503.523426 60.972 -112.1221
1514.418576 61.251 -137.1118
1525.392678 61.313 -150.1323
1536.446302 61.772 -157.0835
1547.580025 62.432 -167.0518
1558.794428 63.080 -176.4092
1570.090095 63.676 174.3770
1581.467615 63.863 -171.2520
1592.927581 63.509 -162.9873
1604.470591 62.279 -171.1772
1616.097246 61.198 -154.4019
1627.808153 60.860 -144.9893
1639.603922 60.810 -143.5229
1651.485168 60.988 -145.4272
1663.452510 61.445 -145.4141
1675.506573 61.893 -154.6533
1687.647984 61.601 -155.7686
1699.877377 61.619 -97.2852
1712.195390 62.647 -99.9976
1724.602663 63.814 -111.7788
1737.099845 64.042 -126.3550
1749.687587 63.373 -111.7817
1762.366544 63.304 -89.1211
1775.137379 63.198 -97.1509
1788.000756 63.194 -94.4604
1800.957346 64.172 -76.8857
1814.007826 65.327 -59.0811
1827.152874 65.676 -71.7441
1840.393177 65.220 -83.6533
1853.729425 64.389 -91.0146
1867.162312 62.971 -90.1846
1880.692540 61.785 -65.4316
1894.320813 62.428 -44.5137
1908.047843 64.217 -34.0820
1921.874344 65.818 -29.8247
1935.801038 66.171 -39.4287
1949.828650 65.488 -42.1045
1963.957912 64.744 -45.3862
1978.189561 64.154 -38.1274
1992.524338 64.538 -23.9624
2006.962991 65.366 -7.7310
2021.506272 65.582 -6.0234
2036.154940 64.454 -14.9614
2050.909758 63.199 -7.7910
2065.771495 64.143 42.0137
2080.740927 66.210 57.1714
2095.818833 67.572 51.2515
2111.006001 68.578 48.1270
2126.303220 69.354 41.1733
2141.711290 69.502 32.1001
2157.231013 68.900 30.3091
2172.863198 68.337 35.5347
2188.608660 68.025 39.6392
2204.468221 67.630 38.6445
2220.442706 67.049 37.1431
2236.532950 66.432 34.4224
2252.739789 65.728 26.9307
2269.064070 64.540 13.8218
2285.506644 63.459 -6.3447
2302.068367 62.795 -169.7461
2318.750104 62.311 173.0332
2335.552723 63.171 174.9146
2352.477101 65.006 171.9590
2369.524119 66.485 167.3848
2386.694668 67.448 166.5737
2403.989641 68.075 161.1265
2421.409941 68.240 154.3794
2438.956476 67.977 149.6982
2456.630160 67.607 148.4775
2474.431915 67.401 147.1064
2492.362668 67.200 143.2720
2510.423356 66.471 131.0156
2528.614918 64.262 124.8301
2546.938304 61.541 131.4229
2565.394469 60.863 92.5630
2583.984375 62.866 13.2949
2602.708991 65.334 -20.9443
2621.569293 66.790 -44.2666
2640.566265 67.192 -60.3364
2659.700897 66.880 -71.3770
2678.974186 65.854 -75.7407
2698.387137 65.079 -67.1724
2717.940763 65.382 -60.1821
2737.636082 65.398 -68.9341
2757.474121 64.296 -77.6768
2777.455915 62.695 -80.9541
2797.582506 60.978 -84.4307
2817.854942 59.688 -65.3369
2838.274281 59.344 17.3774
2858.841586 59.719 59.7075
2879.557931 61.388 97.4766
2900.424394 63.258 87.0894
2921.442065 64.621 70.1978
2942.612039 65.022 47.7676
2963.935418 64.229 21.7085
2985.413316 63.057 -17.7065
3007.046852 61.896 -97.0576
3028.837153 61.153 -154.4424
3050.785356 60.946 -160.0444
3072.892604 61.491 -94.1494
3095.160050 62.419 -73.5347
3117.588856 62.868 -90.3828
3140.180190 62.973 -98.6675
3162.935230 63.130 -102.4814
3185.855163 62.776 -108.9365
3208.941182 61.714 -112.5244
3232.194493 60.187 -111.8833
3255.616307 58.753 -86.3921
3279.207844 58.285 -51.3760
3302.970336 58.078 -40.0269
3326.905021 57.714 -15.4731
3351.013146 58.781 19.0283
3375.295969 60.927 45.1313
3399.754755 62.360 50.2646
3424.390779 62.708 49.2197
3449.205326 62.063 49.6699
3474.199690 61.037 61.8721
3499.375173 61.006 89.5205
3524.733088 61.709 105.5557
3550.274757 61.830 108.1479
3576.001511 61.290 120.4409
3601.914692 61.128 159.0503
3628.015651 61.603 -178.2144
3654.305748 62.332 -162.0000
3680.786354 63.138 -154.5723
3707.458849 63.302 -151.1528
3734.324624 62.661 -135.7383
3761.385080 62.364 -117.0205
3788.641627 62.498 -106.6660
3816.095686 62.303 -100.8945
3843.748688 61.607 -89.8706
3871.602076 61.252 -65.9746
3899.657300 61.728 -44.7534
3927.915825 62.118 -37.3145
3956.379122 61.532 -26.7778
3985.048676 60.508 -3.8813
4013.925981 60.148 22.8730
4043.012544 60.487 38.7432
4072.309879 60.615 48.3433
4101.819515 60.769 69.7427
4131.542990 61.383 98.7480
4161.481854 61.532 105.6372
4191.637667 60.863 114.5972
4222.012001 60.357 134.5400
4252.606441 60.645 162.8613
4283.422580 61.086 177.4653
4314.462026 60.922 -176.2202
4345.726396 60.370 -159.9224
4377.217321 60.220 -131.0283
4408.936442 60.069 -121.5630
4440.885413 59.107 -114.5942
4473.065899 57.867 -93.9307
4505.479579 57.469 -57.3853
4538.128141 58.092 -24.6509
4571.013288 58.394 -14.6562
4604.136735 58.231 4.6870
4637.500207 58.718 37.0596
4671.105446 59.729 48.7710
4704.954201 59.991 51.0874
4739.048239 59.146 81.8994
4773.389336 58.353 132.9497
4807.979283 57.790 143.9082
4842.819883 57.526 165.7495
4877.912952 58.181 -165.4243
4913.260320 59.021 -148.4775
4948.863830 58.674 -145.4512
4984.725337 57.465 -128.9253
5020.846712 57.579 -63.9170
5057.229836 58.705 -29.0518
5093.876609 59.466 -11.5825
5130.788938 60.494 16.2612
5167.968750 61.304 19.0503
5205.417982 61.107 18.3281
5243.138586 60.629 67.2998
5281.132530 60.495 117.5562
5319.401793 60.716 147.4956
5357.948371 61.058 164.0806
5396.774274 60.948 172.3003
5435.881525 60.381 -176.2349
5475.272163 59.533 -160.0811
5514.948243 59.265 -112.3813
5554.911831 60.133 -63.4106
5595.165012 61.058 -47.1606
5635.709884 61.378 -35.6260
5676.548561 61.220 -21.1338
5717.683172 60.618 -1.1807
5759.115861 60.333 32.2080
5800.848789 61.232 65.3286
5842.884130 62.693 89.5444
5885.224077 63.697 105.5195
5927.870837 63.670 120.1494
5970.826633 63.023 138.8765
6014.093704 62.154 162.3955
6057.674306 61.851 -164.1431
6101.570711 62.360 -136.6274
6145.785208 62.860 -114.9980
6190.320101 62.791 -94.8447
6235.177712 62.241 -70.5449
6280.360380 61.853 -43.8081
6325.870460 61.930 -12.2954
6371.710325 62.379 15.9277
6417.882365 62.719 38.4307
6464.388986 62.741 59.8503
6511.232613 62.427 81.6855
6558.415689 61.941 107.8027
6605.940673 61.555 134.5469
6653.810042 61.085 162.6882
6702.026292 60.594 -168.8159
6750.591937 60.322 -138.0125
6799.509509 60.245 -112.5618
6848.781558 59.730 -82.8582
6898.410653 59.338 -46.3235
6948.399380 59.413 -16.5437
6998.750346 59.780 12.5420
7049.466176 60.002 34.7549
7100.549514 59.707 54.1995
7152.003023 59.004 81.3909
7203.829385 58.330 104.2690
7256.031302 58.075 152.5103
7308.611496 58.139 -115.0571
7361.572708 57.886 -78.9438
7414.917698 57.724 -48.8938
7468.649249 58.141 1.5122
7522.770160 59.116 41.6956
7577.283253 59.646 54.7021
7632.191371 59.165 76.7393
7687.497376 59.004 117.1702
7743.204151 59.853 171.7400
7799.314600 60.808 -160.3567
7855.831649 60.533 -142.9731
7912.758244 59.738 -108.5962
7970.097352 59.795 -55.4976
8027.851962 60.744 -10.6968
8086.025087 61.651 13.4060
8144.619758 62.351 41.7522
8203.639030 62.946 72.6528
8263.085980 63.367 117.4297
8322.963708 63.893 150.3667
8383.275334 64.200 175.5034
8444.024002 64.191 -159.5183
8505.212881 63.893 -128.3486
8566.845160 63.818 -88.1475
8628.924051 63.726 -57.2288
8691.452792 63.342 -28.5386
8754.434642 62.434 4.8989
8817.872884 61.611 52.3521
8881.770826 61.575 90.5828
8946.131799 61.883 125.8943
9010.959157 61.879 155.9719
9076.256282 61.548 -161.1414
9142.026576 61.264 -122.8997
9208.273470 60.855 -95.0913
9275.000415 59.912 -69.9211
9342.210891 58.757 0.8142
9409.908403 58.025 74.3533
9478.096478 57.907 127.9976
9546.778672 58.508 -159.2986
9615.958566 59.194 -122.1499
9685.639765 59.312 -92.1987
9755.825904 59.114 -53.0210
9826.520640 58.775 -12.2928
9897.727659 58.755 33.9064
9969.450674 59.579 85.0898
10041.693423 60.709 126.7455
10114.459673 61.346 167.6135
10187.753217 61.998 -146.0330
10261.577877 62.672 -108.4762
10335.937500 62.594 -75.9934
10410.835964 61.965 -31.6597
10486.277173 61.721 17.1324
10562.265060 61.672 56.6311
10638.803587 61.112 96.7721
10715.896743 60.762 146.6860
10793.548548 60.816 -168.7488
10871.763050 60.223 -130.9342
10950.544327 59.171 -80.7651
11029.896485 58.855 -27.4579
11109.823662 58.552 13.2938
11190.330024 57.806 68.6814
11271.419768 57.661 135.9851
11353.097122 57.711 -175.5415
11435.366344 57.851 -108.6594
11518.231722 58.598 -45.5045
11601.697577 59.094 -1.5372
11685.768261 59.060 48.9398
11770.448155 59.345 101.8053
11855.741674 59.966 150.0609
11941.653265 60.433 -160.3097
12028.187408 60.559 -111.1343
12115.348612 60.346 -63.4941
12203.141422 59.886 -14.7179
12291.570415 59.288 37.5122
12380.640201 58.755 92.8688
12470.355424 58.180 146.4070
12560.720760 57.565 -153.7615
12651.740920 57.503 -89.2787
12743.420650 57.692 -30.5922
12835.764729 58.053 31.0410
12928.777972 58.929 92.3400
13022.465227 59.969 149.6858
13116.831378 60.753 -155.4350
13211.881345 61.286 -100.9381
13307.620084 61.596 -47.9155
13404.052584 61.646 8.1981
13501.183875 61.524 64.5187
13599.019019 61.252 122.0225
13697.563116 61.291 -175.1489
13796.821305 61.475 -117.0834
13896.798760 61.511 -59.7963
13997.500692 61.507 -1.8934
14098.932352 61.235 54.2728
14201.099028 60.743 114.4628
14304.006046 60.450 177.5312
14407.658770 60.387 -119.7461
14512.062604 60.408 -57.8618
14617.222992 60.250 0.4796
14723.145416 59.651 59.1199
14829.835397 58.771 121.1993
14937.298497 57.777 -174.0348
15045.540320 56.972 -103.3682
15154.566507 56.696 -32.1118
15264.382743 56.741 35.8392
15374.994752 56.905 102.6169
15486.408302 56.938 166.0574
15598.629201 56.645 -129.6215
15711.663298 56.299 -64.2264
15825.516487 55.753 -0.6692
15940.194703 55.069 64.7701
16055.703925 54.101 126.1152
16172.050174 52.551 -168.8745
16289.239516 50.918 -107.3992
16407.278061 49.097 -47.6636
16526.171961 48.249 -179.5339
16645.927415 49.588 -101.1538
16766.550667 51.339 -41.5583
16888.048005 52.934 25.2830
17010.425762 54.083 91.0469
17133.690320 54.864 159.4761
17257.848103 55.433 -132.1245
17382.905584 55.464 -63.2983
17508.869284 55.104 8.5562
17635.745768 54.562 82.9541
17763.541652 54.075 160.9299
17892.263597 53.650 -120.3569
18021.918315 53.296 -37.2412
18152.512564 53.289 46.7800
18284.053153 53.646 130.0344
18416.546939 54.001 -150.1721
18550.000830 54.128 -69.8220
18684.421783 54.138 11.7893
18819.816805 54.242 95.7456
18956.192956 54.535 177.8113
19093.557344 54.751 -102.7576
19231.917131 54.688 -24.8445
19371.279531 54.268 52.9756
19511.651807 53.472 131.3796
19653.041280 52.407 -148.0605
19795.455318 51.325 -66.2668
19938.901348 50.584 15.6895
