RT60 data saved by REW V5.31.1
Source: Scarlett 2i4 USB, MICROPHONE, R, volume: no control
Dated: May 16, 2024 7:05:37 AM
Measurement: bns-back12-p1-c
Sweep level: -18.0 dBFS
Response measured over: 10.1 to 20,000.0 Hz
Peak value: 0.013972461 at index 44100
Response length: 131072 samples
Sample interval: 2.2675736961451248E-5 seconds
Start time: -1.000000020322191 seconds

Format is freq (Hz), BW (octaves), EDT (s), r, T20 (s), r, T30 (s), r, Topt (s), r, ToptStart (dB), ToptEnd (dB), T60M (s), reverse/forward/zero phase filtered, C50 (dB), C80 (dB), D50 (%), TS (s)

50 1/3 0.669 -0.928 0.528 -0.995 0.522 -0.998 0.522 -0.998 -5.000 -35.000 0.000 Forward 11.73 17.33 93.7 0.077
63 1/3 0.798 -0.897 0.461 -0.979 0.385 -0.980 0.418 -0.989 -5.000 -51.000 0.000 Forward 4.13 12.89 72.2 0.080
80 1/3 0.778 -0.888 0.597 -0.896 0.555 -0.947 0.701 -0.981 -5.000 -59.000 0.000 Forward 3.58 13.27 69.5 0.078
100 1/3 0.549 -0.845 0.481 -0.957 0.509 -0.984 0.501 -0.993 -5.000 -43.000 0.000 Forward 13.59 17.18 95.8 0.056
125 1/3 0.586 -0.981 0.336 -0.978 0.616 -0.938 0.326 -0.986 -5.000 -27.000 0.000 Forward 6.67 13.94 82.3 0.046
160 1/3 0.355 -0.973 0.182 -0.908 0.268 -0.956 0.086 -0.979 -5.000 -20.000 0.000 Forward 17.99 24.52 98.4 0.030
200 1/3 0.202 -0.895 0.261 -0.907 0.256 -0.947 0.275 -0.984 -5.000 -60.000 0.000 Forward 15.18 30.23 97.1 0.024
250 1/3 0.236 -0.970 0.153 -0.982 0.265 -0.961 0.274 -0.991 -5.000 -60.000 0.000 Forward 18.82 26.53 98.7 0.022
315 1/3 0.342 -0.986 0.221 -0.971 0.242 -0.986 0.247 -0.993 -5.000 -49.000 0.000 Forward 11.96 21.74 94.0 0.028
400 1/3 0.251 -0.986 0.206 -0.983 0.222 -0.991 0.239 -0.994 -5.000 -52.000 0.000 Forward 10.68 22.56 92.1 0.022
500 1/3 0.278 -0.986 0.160 -0.984 0.206 -0.982 0.156 -0.988 -5.000 -21.000 0.000 Forward 15.47 24.19 97.2 0.023
630 1/3 0.189 -0.984 0.145 -0.980 0.201 -0.978 0.215 -0.987 -5.000 -44.000 0.000 Forward 19.21 25.75 98.8 0.017
800 1/3 0.173 -0.989 0.219 -0.989 0.240 -0.995 0.250 -0.997 -5.000 -45.000 0.000 Forward 15.92 24.94 97.5 0.015
1000 1/3 0.250 -0.977 0.223 -0.989 0.240 -0.994 0.278 -0.996 -5.000 -58.000 0.000 Forward 14.99 24.11 96.9 0.015
1250 1/3 0.163 -0.963 0.248 -0.987 0.248 -0.996 0.252 -0.998 -5.000 -44.000 0.000 Forward 15.74 23.40 97.4 0.012
1600 1/3 0.107 -0.987 0.276 -0.992 0.279 -0.998 0.287 -0.999 -9.000 -56.000 0.000 Forward 15.59 22.50 97.3 0.011
2000 1/3 0.234 -0.952 0.214 -0.984 0.235 -0.992 0.240 -0.996 -5.000 -45.000 0.000 Forward 17.30 24.25 98.2 0.013
2500 1/3 0.229 -0.933 0.205 -0.985 0.218 -0.994 0.241 -0.995 -5.000 -46.000 0.000 Forward 16.80 25.19 98.0 0.012
3150 1/3 0.240 -0.960 0.201 -0.992 0.214 -0.994 0.202 -0.996 -5.000 -32.000 0.000 Forward 16.98 24.15 98.0 0.012
4000 1/3 0.224 -0.968 0.232 -0.995 0.235 -0.998 0.243 -0.999 -5.000 -50.000 0.000 Forward 16.02 23.06 97.6 0.011
5000 1/3 0.215 -0.901 0.225 -0.993 0.241 -0.996 0.262 -0.998 -5.000 -60.000 0.000 Forward 18.50 26.41 98.6 0.006
6300 1/3 0.392 -0.897 0.225 -0.988 0.238 -0.995 0.255 -0.998 -5.000 -60.000 0.000 Forward 16.80 24.51 98.0 0.008
8000 1/3 0.143 -0.837 0.269 -0.990 0.241 -0.996 0.253 -0.998 -5.000 -55.000 0.000 Forward 17.85 26.41 98.4 0.005
10000 1/3 0.120 -0.854 0.249 -0.988 0.226 -0.993 0.228 -0.998 -5.000 -48.000 0.000 Forward 18.77 27.61 98.7 0.004

full 1/3 0.232 -0.971 0.219 -0.995 0.242 -0.995 0.226 -0.997 -5.000 -31.000 0.000 Forward 16.86 25.21 98.0 0.008

