RT60 data saved by REW V5.31.1
Source: Scarlett 2i4 USB, MICROPHONE, R, volume: no control
Dated: May 16, 2024 6:58:30 AM
Measurement: bns-back1-p1-c
Sweep level: -18.0 dBFS
Response measured over: 10.1 to 20,000.0 Hz
Peak value: 0.0138023915 at index 44100
Response length: 131072 samples
Sample interval: 2.2675736961451248E-5 seconds
Start time: -1.0000000153144868 seconds

Format is freq (Hz), BW (octaves), EDT (s), r, T20 (s), r, T30 (s), r, Topt (s), r, ToptStart (dB), ToptEnd (dB), T60M (s), reverse/forward/zero phase filtered, C50 (dB), C80 (dB), D50 (%), TS (s)

50 1/3 0.689 -0.925 0.528 -0.995 0.506 -0.998 0.511 -0.999 -5.000 -42.000 0.000 Forward 11.89 17.58 93.9 0.077
63 1/3 0.796 -0.898 0.474 -0.975 0.392 -0.976 0.416 -0.992 -5.000 -56.000 0.000 Forward 4.12 12.86 72.1 0.080
80 1/3 0.777 -0.885 0.576 -0.903 0.546 -0.957 0.695 -0.983 -5.000 -60.000 0.000 Forward 3.71 13.80 70.2 0.078
100 1/3 0.550 -0.844 0.494 -0.956 0.512 -0.984 0.485 -0.993 -5.000 -43.000 0.000 Forward 13.67 17.06 95.9 0.056
125 1/3 0.593 -0.981 0.332 -0.977 0.387 -0.980 0.483 -0.988 -5.000 -60.000 0.000 Forward 6.58 13.81 82.0 0.046
160 1/3 0.357 -0.973 0.177 -0.905 0.315 -0.948 0.083 -0.984 -5.000 -21.000 0.000 Forward 18.25 24.70 98.5 0.030
200 1/3 0.204 -0.894 0.259 -0.914 0.261 -0.952 0.282 -0.987 -5.000 -60.000 0.000 Forward 15.37 29.45 97.2 0.024
250 1/3 0.240 -0.966 0.166 -0.975 0.279 -0.966 0.278 -0.991 -5.000 -60.000 0.000 Forward 19.09 26.25 98.8 0.023
315 1/3 0.337 -0.983 0.234 -0.976 0.240 -0.991 0.250 -0.996 -5.000 -53.000 0.000 Forward 11.71 20.90 93.7 0.029
400 1/3 0.243 -0.980 0.207 -0.983 0.216 -0.995 0.216 -0.995 -5.000 -35.000 0.000 Forward 11.03 22.39 92.7 0.022
500 1/3 0.269 -0.988 0.206 -0.978 0.225 -0.990 0.229 -0.992 -5.000 -38.000 0.000 Forward 14.91 21.29 96.9 0.023
630 1/3 0.199 -0.983 0.184 -0.988 0.210 -0.991 0.209 -0.994 -5.000 -41.000 0.000 Forward 16.77 24.60 97.9 0.018
800 1/3 0.180 -0.991 0.220 -0.996 0.252 -0.991 0.220 -0.998 -5.000 -31.000 0.000 Forward 15.28 24.77 97.1 0.016
1000 1/3 0.309 -0.975 0.220 -0.979 0.277 -0.980 0.313 -0.993 -5.000 -60.000 0.000 Forward 13.86 23.53 96.1 0.016
1250 1/3 0.166 -0.972 0.258 -0.990 0.287 -0.991 0.271 -0.997 -5.000 -49.000 0.000 Forward 15.92 23.00 97.5 0.013
1600 1/3 0.156 -0.971 0.255 -0.990 0.276 -0.995 0.294 -0.998 -5.000 -54.000 0.000 Forward 14.72 22.79 96.7 0.013
2000 1/3 0.289 -0.945 0.224 -0.989 0.240 -0.995 0.252 -0.997 -5.000 -43.000 0.000 Forward 14.82 22.52 96.8 0.015
2500 1/3 0.275 -0.926 0.197 -0.976 0.226 -0.990 0.217 -0.990 -5.000 -34.000 0.000 Forward 16.66 24.98 97.9 0.013
3150 1/3 0.247 -0.955 0.212 -0.990 0.237 -0.994 0.250 -0.996 -5.000 -44.000 0.000 Forward 16.65 23.38 97.9 0.013
4000 1/3 0.247 -0.964 0.244 -0.992 0.249 -0.997 0.269 -0.998 -5.000 -50.000 0.000 Forward 15.69 21.97 97.4 0.011
5000 1/3 0.203 -0.911 0.240 -0.994 0.256 -0.997 0.271 -0.998 -5.000 -50.000 0.000 Forward 18.26 24.97 98.5 0.006
6300 1/3 0.353 -0.912 0.253 -0.992 0.262 -0.996 0.277 -0.999 -5.000 -56.000 0.000 Forward 16.69 23.52 97.9 0.008
8000 1/3 0.145 -0.850 0.275 -0.990 0.252 -0.996 0.256 -0.998 -5.000 -45.000 0.000 Forward 17.37 25.80 98.2 0.005
10000 1/3 0.157 -0.886 0.249 -0.990 0.229 -0.995 0.240 -0.996 -5.000 -41.000 0.000 Forward 18.26 27.60 98.5 0.005

full 1/3 0.259 -0.968 0.225 -0.995 0.255 -0.994 0.232 -0.997 -5.000 -30.000 0.000 Forward 16.43 24.51 97.8 0.008

