RT60 data saved by REW V5.31.1
Source: Scarlett 2i4 USB, MICROPHONE, R, volume: no control
Dated: May 16, 2024 6:58:11 AM
Measurement: bns-back1-p1-r
Sweep level: -18.0 dBFS
Response measured over: 10.1 to 20,000.0 Hz
Peak value: 0.010103173 at index 44100
Response length: 131072 samples
Sample interval: 2.2675736961451248E-5 seconds
Start time: -1.0000000025716713 seconds

Format is freq (Hz), BW (octaves), EDT (s), r, T20 (s), r, T30 (s), r, Topt (s), r, ToptStart (dB), ToptEnd (dB), T60M (s), reverse/forward/zero phase filtered, C50 (dB), C80 (dB), D50 (%), TS (s)

50 1/3 1.195 -0.955 0.651 -0.996 0.648 -0.998 0.650 -0.999 -5.000 -47.000 0.000 Forward -2.08 3.61 38.3 0.135
63 1/3 0.709 -0.951 0.522 -0.994 0.588 -0.993 0.523 -0.997 -5.000 -29.000 0.000 Forward 5.73 8.70 78.9 0.088
80 1/3 0.768 -0.971 0.384 -0.959 0.505 -0.964 0.546 -0.992 -5.000 -58.000 0.000 Forward 4.70 5.97 74.7 0.078
100 1/3 0.694 -0.975 0.423 -0.960 0.431 -0.987 0.414 -0.993 -5.000 -44.000 0.000 Forward 6.93 8.39 83.1 0.066
125 1/3 0.392 -0.951 0.298 -0.972 0.270 -0.990 0.270 -0.990 -5.000 -35.000 0.000 Forward 16.06 20.01 97.6 0.039
160 1/3 0.360 -0.978 0.228 -0.975 0.403 -0.940 0.225 -0.987 -5.000 -29.000 0.000 Forward 9.04 20.30 88.9 0.033
200 1/3 0.406 -0.981 0.313 -0.989 0.326 -0.992 0.319 -0.994 -5.000 -37.000 0.000 Forward 9.40 17.53 89.7 0.031
250 1/3 0.252 -0.950 0.265 -0.987 0.256 -0.996 0.256 -0.998 -5.000 -43.000 0.000 Forward 14.66 20.78 96.7 0.023
315 1/3 0.267 -0.964 0.284 -0.983 0.245 -0.985 0.238 -0.993 -5.000 -47.000 0.000 Forward 13.46 18.68 95.7 0.025
400 1/3 0.217 -0.990 0.246 -0.994 0.258 -0.995 0.275 -0.998 -5.000 -52.000 0.000 Forward 12.43 21.40 94.6 0.022
500 1/3 0.294 -0.944 0.244 -0.987 0.234 -0.994 0.240 -0.995 -5.000 -37.000 0.000 Forward 14.11 22.07 96.3 0.016
630 1/3 0.172 -0.973 0.259 -0.995 0.260 -0.997 0.249 -0.997 -5.000 -44.000 0.000 Forward 15.19 23.24 97.1 0.014
800 1/3 0.167 -0.919 0.268 -0.992 0.266 -0.996 0.260 -0.996 -5.000 -39.000 0.000 Forward 15.89 23.01 97.5 0.011
1000 1/3 0.229 -0.968 0.263 -0.996 0.281 -0.997 0.266 -0.998 -5.000 -50.000 0.000 Forward 14.13 21.08 96.3 0.014
1250 1/3 0.236 -0.982 0.267 -0.989 0.271 -0.993 0.297 -0.996 -5.000 -51.000 0.000 Forward 11.89 19.35 93.9 0.018
1600 1/3 0.241 -0.982 0.303 -0.994 0.291 -0.996 0.293 -0.996 -5.000 -37.000 0.000 Forward 11.78 17.56 93.8 0.018
2000 1/3 0.321 -0.950 0.301 -0.975 0.318 -0.990 0.346 -0.997 -5.000 -59.000 0.000 Forward 14.59 19.50 96.6 0.016
2500 1/3 0.253 -0.932 0.285 -0.994 0.339 -0.993 0.359 -0.998 -5.000 -56.000 0.000 Forward 15.42 21.66 97.2 0.010
3150 1/3 0.268 -0.923 0.263 -0.997 0.300 -0.995 0.270 -0.998 -5.000 -29.000 0.000 Forward 14.92 22.49 96.9 0.009
4000 1/3 0.414 -0.863 0.306 -0.992 0.328 -0.995 0.345 -0.998 -5.000 -50.000 0.000 Forward 13.99 19.82 96.2 0.010
5000 1/3 0.251 -0.941 0.334 -0.995 0.322 -0.998 0.336 -0.999 -5.000 -58.000 0.000 Forward 13.88 19.54 96.1 0.009
6300 1/3 0.377 -0.818 0.300 -0.993 0.294 -0.997 0.301 -0.998 -5.000 -44.000 0.000 Forward 15.93 22.05 97.5 0.006
8000 1/3 0.293 -0.866 0.317 -0.988 0.294 -0.995 0.333 -0.996 -5.000 -53.000 0.000 Forward 14.37 20.49 96.5 0.008
10000 1/3 0.308 -0.873 0.302 -0.986 0.285 -0.994 0.319 -0.996 -5.000 -52.000 0.000 Forward 13.85 21.73 96.0 0.007

full 1/3 0.312 -0.939 0.304 -0.997 0.329 -0.997 0.316 -0.998 -5.000 -31.000 0.000 Forward 14.49 20.64 96.6 0.008

