RT60 data saved by REW V5.31.1
Source: Scarlett 2i4 USB, MICROPHONE, R, volume: no control
Dated: May 16, 2024 6:57:51 AM
Measurement: bns-back1-p1-l
Sweep level: -18.0 dBFS
Response measured over: 10.1 to 20,000.0 Hz
Peak value: 0.009773845 at index 44101
Response length: 131072 samples
Sample interval: 2.2675736961451248E-5 seconds
Start time: -1.000022654448187 seconds

Format is freq (Hz), BW (octaves), EDT (s), r, T20 (s), r, T30 (s), r, Topt (s), r, ToptStart (dB), ToptEnd (dB), T60M (s), reverse/forward/zero phase filtered, C50 (dB), C80 (dB), D50 (%), TS (s)

50 1/3 0.941 -0.941 0.683 -0.990 0.653 -0.996 0.643 -0.998 -5.000 -49.000 0.000 Forward 0.57 6.65 53.3 0.121
63 1/3 0.981 -0.911 0.539 -0.985 0.633 -0.992 0.665 -0.996 -5.000 -55.000 0.000 Forward -1.87 5.12 39.4 0.102
80 1/3 0.923 -0.951 0.273 -0.980 0.453 -0.959 0.215 -0.997 -5.000 -21.000 0.000 Forward 2.07 5.50 61.7 0.084
100 1/3 0.664 -0.959 0.441 -0.993 0.484 -0.993 0.495 -0.998 -5.000 -60.000 0.000 Forward 5.47 11.97 77.9 0.069
125 1/3 0.452 -0.923 0.232 -0.990 0.228 -0.995 0.228 -0.995 -5.000 -35.000 0.000 Forward 11.32 20.23 93.1 0.047
160 1/3 0.217 -0.927 0.380 -0.983 0.432 -0.988 0.437 -0.992 -5.000 -38.000 0.000 Forward 13.61 19.92 95.8 0.027
200 1/3 0.334 -0.946 0.228 -0.986 0.272 -0.982 0.227 -0.987 -5.000 -28.000 0.000 Forward 11.29 18.97 93.1 0.033
250 1/3 0.215 -0.989 0.312 -0.973 0.297 -0.987 0.279 -0.994 -5.000 -44.000 0.000 Forward 16.20 19.57 97.7 0.022
315 1/3 0.225 -0.906 0.277 -0.990 0.234 -0.987 0.229 -0.995 -5.000 -46.000 0.000 Forward 15.05 21.64 97.0 0.025
400 1/3 0.301 -0.956 0.281 -0.987 0.271 -0.990 0.257 -0.998 -5.000 -60.000 0.000 Forward 12.05 19.77 94.1 0.024
500 1/3 0.248 -0.971 0.185 -0.968 0.272 -0.973 0.312 -0.987 -5.000 -48.000 0.000 Forward 12.79 24.51 95.0 0.021
630 1/3 0.191 -0.987 0.279 -0.975 0.277 -0.992 0.291 -0.996 -5.000 -46.000 0.000 Forward 15.19 21.20 97.1 0.017
800 1/3 0.118 -0.989 0.254 -0.981 0.308 -0.986 0.325 -0.997 -13.000 -53.000 0.000 Forward 18.28 24.77 98.5 0.012
1000 1/3 0.182 -0.982 0.300 -0.968 0.284 -0.990 0.289 -0.998 -5.000 -60.000 0.000 Forward 16.70 21.67 97.9 0.015
1250 1/3 0.201 -0.973 0.244 -0.993 0.244 -0.997 0.253 -0.998 -5.000 -45.000 0.000 Forward 13.77 21.04 96.0 0.017
1600 1/3 0.221 -0.940 0.282 -0.987 0.268 -0.995 0.262 -0.997 -5.000 -48.000 0.000 Forward 13.40 21.40 95.6 0.015
2000 1/3 0.261 -0.958 0.268 -0.995 0.280 -0.997 0.277 -0.999 -5.000 -47.000 0.000 Forward 14.84 21.91 96.8 0.012
2500 1/3 0.246 -0.943 0.264 -0.981 0.288 -0.992 0.316 -0.996 -5.000 -52.000 0.000 Forward 17.43 22.26 98.2 0.010
3150 1/3 0.345 -0.964 0.232 -0.976 0.258 -0.989 0.315 -0.994 -5.000 -60.000 0.000 Forward 15.31 21.65 97.1 0.014
4000 1/3 0.273 -0.933 0.281 -0.990 0.290 -0.995 0.305 -0.998 -5.000 -49.000 0.000 Forward 16.45 21.85 97.8 0.009
5000 1/3 0.133 -0.916 0.235 -0.994 0.285 -0.992 0.315 -0.998 -10.000 -57.000 0.000 Forward 18.04 25.23 98.5 0.006
6300 1/3 0.144 -0.901 0.281 -0.997 0.277 -0.999 0.277 -0.999 -5.000 -35.000 0.000 Forward 16.80 23.31 98.0 0.006
8000 1/3 0.145 -0.902 0.271 -0.995 0.273 -0.998 0.278 -0.999 -5.000 -42.000 0.000 Forward 16.17 23.40 97.6 0.006
10000 1/3 0.132 -0.837 0.255 -0.986 0.248 -0.995 0.255 -0.996 -5.000 -40.000 0.000 Forward 17.70 26.58 98.3 0.004

full 1/3 0.210 -0.982 0.269 -0.998 0.308 -0.995 0.275 -0.998 -5.000 -28.000 0.000 Forward 15.84 22.71 97.5 0.008

