RT60 data saved by REW V5.31.1
Source: Scarlett 2i4 USB, MICROPHONE, R, volume: no control
Dated: May 16, 2024 7:49:46 AM
Measurement: bns-back12-side12-p1-rl
Sweep level: -18.0 dBFS
Response measured over: 10.1 to 20,000.0 Hz
Peak value: 0.0039528646 at index 44100
Response length: 131072 samples
Sample interval: 2.2675736961451248E-5 seconds
Start time: -1.0000000030711846 seconds

Format is freq (Hz), BW (octaves), EDT (s), r, T20 (s), r, T30 (s), r, Topt (s), r, ToptStart (dB), ToptEnd (dB), T60M (s), reverse/forward/zero phase filtered, C50 (dB), C80 (dB), D50 (%), TS (s)

50 1/3 0.790 -0.979 0.710 -0.998 0.690 -0.998 0.690 -0.998 -5.000 -35.000 0.000 Forward 5.90 7.78 79.6 0.085
63 1/3 0.620 -0.985 0.290 -0.994 0.371 -0.980 0.289 -0.996 -5.000 -27.000 0.000 Forward 8.87 16.90 88.5 0.059
80 1/3 0.509 -0.879 0.283 -0.976 0.445 -0.977 0.530 -0.985 -5.000 -58.000 0.000 Forward 17.65 23.12 98.3 0.054
100 1/3 0.557 -0.935 0.202 -0.993 0.273 -0.984 0.202 -0.993 -5.000 -25.000 0.000 Forward 13.55 24.24 95.8 0.050
125 1/3 0.341 -0.960 0.269 -0.975 0.290 -0.991 0.303 -0.996 -5.000 -60.000 0.000 Forward 15.35 20.56 97.2 0.037
160 1/3 0.238 -0.910 0.155 -0.979 0.314 -0.942 0.157 -0.986 -5.000 -26.000 0.000 Forward 24.54 29.07 99.6 0.026
200 1/3 0.183 -0.944 0.258 -0.991 0.288 -0.987 0.249 -0.995 -5.000 -30.000 0.000 Forward 17.18 24.21 98.1 0.023
250 1/3 0.296 -0.913 0.217 -0.986 0.202 -0.994 0.199 -0.997 -5.000 -41.000 0.000 Forward 13.48 21.23 95.7 0.028
315 1/3 0.263 -0.957 0.239 -0.989 0.243 -0.995 0.222 -0.998 -5.000 -60.000 0.000 Forward 13.24 22.95 95.5 0.020
400 1/3 0.248 -0.980 0.204 -0.992 0.202 -0.997 0.216 -0.998 -5.000 -52.000 0.000 Forward 14.48 23.10 96.6 0.020
500 1/3 0.247 -0.994 0.189 -0.994 0.197 -0.990 0.177 -0.996 -5.000 -32.000 0.000 Forward 15.69 26.44 97.4 0.019
630 1/3 0.280 -0.955 0.186 -0.984 0.221 -0.990 0.217 -0.996 -5.000 -51.000 0.000 Forward 15.51 24.15 97.3 0.018
800 1/3 0.219 -0.987 0.255 -0.996 0.228 -0.995 0.227 -0.997 -5.000 -40.000 0.000 Forward 13.20 20.05 95.4 0.016
1000 1/3 0.204 -0.990 0.269 -0.986 0.234 -0.992 0.239 -0.998 -5.000 -52.000 0.000 Forward 15.12 19.05 97.0 0.019
1250 1/3 0.253 -0.988 0.216 -0.984 0.243 -0.989 0.246 -0.996 -5.000 -54.000 0.000 Forward 15.62 22.69 97.3 0.017
1600 1/3 0.242 -0.981 0.187 -0.995 0.226 -0.988 0.190 -0.997 -5.000 -28.000 0.000 Forward 14.94 25.59 96.9 0.013
2000 1/3 0.303 -0.909 0.220 -0.993 0.217 -0.997 0.227 -0.998 -5.000 -45.000 0.000 Forward 17.08 24.51 98.1 0.010
2500 1/3 0.278 -0.952 0.186 -0.993 0.204 -0.996 0.213 -0.997 -5.000 -45.000 0.000 Forward 16.59 25.40 97.9 0.010
3150 1/3 0.195 -0.966 0.212 -0.992 0.212 -0.995 0.221 -0.999 -5.000 -54.000 0.000 Forward 17.84 24.40 98.4 0.010
4000 1/3 0.116 -0.962 0.228 -0.996 0.211 -0.996 0.234 -0.998 -5.000 -59.000 0.000 Forward 18.16 27.57 98.5 0.007
5000 1/3 0.254 -0.961 0.209 -0.997 0.207 -0.999 0.210 -0.999 -5.000 -40.000 0.000 Forward 14.82 24.34 96.8 0.013
6300 1/3 0.155 -0.968 0.207 -0.997 0.204 -0.998 0.206 -0.998 -5.000 -36.000 0.000 Forward 17.81 27.91 98.4 0.008
8000 1/3 0.206 -0.945 0.195 -0.995 0.201 -0.998 0.205 -0.998 -5.000 -42.000 0.000 Forward 17.56 26.89 98.3 0.010
10000 1/3 0.229 -0.991 0.188 -0.997 0.187 -0.999 0.186 -0.999 -5.000 -34.000 0.000 Forward 15.57 26.05 97.3 0.012

full 1/3 0.223 -0.976 0.203 -0.998 0.223 -0.996 0.209 -0.999 -5.000 -31.000 0.000 Forward 16.71 25.37 97.9 0.009

