RT60 data saved by REW V5.31.1
Source: Scarlett 2i4 USB, MICROPHONE, R, volume: no control
Dated: May 16, 2024 7:39:18 AM
Measurement: bns-back12-side2-p1-r
Sweep level: -18.0 dBFS
Response measured over: 10.1 to 20,000.0 Hz
Peak value: 0.0101916175 at index 44100
Response length: 131072 samples
Sample interval: 2.2675736961451248E-5 seconds
Start time: -0.999999971305885 seconds

Format is freq (Hz), BW (octaves), EDT (s), r, T20 (s), r, T30 (s), r, Topt (s), r, ToptStart (dB), ToptEnd (dB), T60M (s), reverse/forward/zero phase filtered, C50 (dB), C80 (dB), D50 (%), TS (s)

50 1/3 1.150 -0.952 0.639 -0.996 0.619 -0.998 0.600 -0.999 -5.000 -48.000 0.000 Forward -1.91 3.84 39.2 0.133
63 1/3 0.688 -0.946 0.510 -0.993 0.567 -0.992 0.505 -0.997 -5.000 -30.000 0.000 Forward 6.02 9.13 80.0 0.086
80 1/3 0.799 -0.977 0.408 -0.970 0.514 -0.974 0.528 -0.992 -5.000 -55.000 0.000 Forward 4.41 5.91 73.4 0.080
100 1/3 0.509 -0.957 0.498 -0.920 0.439 -0.975 0.435 -0.987 -5.000 -60.000 0.000 Forward 9.53 10.22 90.0 0.060
125 1/3 0.420 -0.948 0.280 -0.974 0.263 -0.992 0.261 -0.992 -5.000 -36.000 0.000 Forward 14.77 18.97 96.8 0.040
160 1/3 0.362 -0.979 0.230 -0.976 0.368 -0.950 0.232 -0.989 -5.000 -30.000 0.000 Forward 8.86 19.96 88.5 0.033
200 1/3 0.389 -0.976 0.321 -0.980 0.339 -0.987 0.349 -0.992 -5.000 -43.000 0.000 Forward 9.88 18.74 90.7 0.029
250 1/3 0.215 -0.962 0.254 -0.985 0.246 -0.995 0.248 -0.997 -5.000 -43.000 0.000 Forward 15.11 23.14 97.0 0.022
315 1/3 0.190 -0.961 0.219 -0.994 0.214 -0.997 0.217 -0.998 -5.000 -45.000 0.000 Forward 16.72 24.31 97.9 0.022
400 1/3 0.224 -0.986 0.213 -0.992 0.215 -0.997 0.226 -0.998 -5.000 -46.000 0.000 Forward 14.51 23.28 96.6 0.022
500 1/3 0.252 -0.927 0.212 -0.978 0.203 -0.992 0.202 -0.994 -5.000 -36.000 0.000 Forward 16.25 25.92 97.7 0.015
630 1/3 0.130 -0.971 0.286 -0.983 0.239 -0.992 0.250 -0.998 -5.000 -59.000 0.000 Forward 15.48 26.23 97.2 0.013
800 1/3 0.114 -0.940 0.229 -0.988 0.226 -0.996 0.230 -0.996 -5.000 -37.000 0.000 Forward 18.56 27.98 98.6 0.010
1000 1/3 0.206 -0.960 0.241 -0.986 0.264 -0.992 0.266 -0.997 -5.000 -60.000 0.000 Forward 16.53 23.61 97.8 0.012
1250 1/3 0.200 -0.988 0.262 -0.989 0.244 -0.997 0.253 -0.998 -5.000 -50.000 0.000 Forward 13.15 20.53 95.4 0.018
1600 1/3 0.232 -0.972 0.295 -0.995 0.274 -0.997 0.277 -0.998 -5.000 -44.000 0.000 Forward 12.87 18.99 95.1 0.016
2000 1/3 0.293 -0.964 0.258 -0.989 0.262 -0.996 0.269 -0.997 -5.000 -40.000 0.000 Forward 14.55 20.74 96.6 0.015
2500 1/3 0.230 -0.935 0.242 -0.992 0.270 -0.994 0.308 -0.997 -5.000 -58.000 0.000 Forward 16.19 23.15 97.7 0.009
3150 1/3 0.247 -0.894 0.225 -0.992 0.253 -0.995 0.293 -0.997 -5.000 -60.000 0.000 Forward 16.99 25.18 98.0 0.008
4000 1/3 0.419 -0.847 0.255 -0.984 0.272 -0.991 0.263 -0.998 -5.000 -60.000 0.000 Forward 16.97 22.59 98.0 0.009
5000 1/3 0.189 -0.957 0.279 -0.994 0.284 -0.997 0.280 -0.999 -5.000 -60.000 0.000 Forward 16.57 22.69 97.8 0.007
6300 1/3 0.160 -0.832 0.251 -0.991 0.256 -0.996 0.277 -0.998 -5.000 -56.000 0.000 Forward 18.12 25.33 98.5 0.005
8000 1/3 0.217 -0.889 0.287 -0.983 0.267 -0.991 0.303 -0.996 -5.000 -59.000 0.000 Forward 15.63 22.59 97.3 0.007
10000 1/3 0.197 -0.918 0.272 -0.986 0.256 -0.993 0.289 -0.997 -5.000 -60.000 0.000 Forward 15.57 23.59 97.3 0.006

full 1/3 0.283 -0.946 0.274 -0.994 0.310 -0.995 0.297 -0.996 -5.000 -32.000 0.000 Forward 15.96 22.51 97.5 0.007

