RT60 data saved by REW V5.31.1
Source: Scarlett 2i4 USB, MICROPHONE, R, volume: no control
Dated: May 16, 2024 7:39:37 AM
Measurement: bns-back12-side2-p1-c
Sweep level: -18.0 dBFS
Response measured over: 10.1 to 20,000.0 Hz
Peak value: 0.014003168 at index 44100
Response length: 131072 samples
Sample interval: 2.2675736961451248E-5 seconds
Start time: -1.0000000217429714 seconds

Format is freq (Hz), BW (octaves), EDT (s), r, T20 (s), r, T30 (s), r, Topt (s), r, ToptStart (dB), ToptEnd (dB), T60M (s), reverse/forward/zero phase filtered, C50 (dB), C80 (dB), D50 (%), TS (s)

50 1/3 0.689 -0.924 0.508 -0.995 0.499 -0.998 0.499 -0.998 -5.000 -35.000 0.000 Forward 11.90 17.72 93.9 0.077
63 1/3 0.796 -0.902 0.485 -0.971 0.397 -0.983 0.423 -0.987 -5.000 -56.000 0.000 Forward 4.45 13.41 73.6 0.079
80 1/3 0.727 -0.895 0.646 -0.880 0.601 -0.926 0.210 -0.997 -5.000 -20.000 0.000 Forward 4.40 13.37 73.4 0.076
100 1/3 0.548 -0.846 0.399 -0.969 0.476 -0.983 0.533 -0.991 -5.000 -48.000 0.000 Forward 13.56 16.91 95.8 0.056
125 1/3 0.597 -0.984 0.328 -0.978 0.382 -0.983 0.469 -0.990 -5.000 -60.000 0.000 Forward 6.65 13.30 82.2 0.047
160 1/3 0.374 -0.970 0.192 -0.951 0.244 -0.976 0.227 -0.978 -5.000 -34.000 0.000 Forward 16.19 22.97 97.7 0.032
200 1/3 0.216 -0.880 0.267 -0.910 0.207 -0.955 0.272 -0.977 -5.000 -60.000 0.000 Forward 16.42 31.43 97.8 0.023
250 1/3 0.242 -0.968 0.130 -0.984 0.211 -0.963 0.134 -0.989 -5.000 -28.000 0.000 Forward 20.54 28.81 99.1 0.022
315 1/3 0.367 -0.983 0.160 -0.980 0.205 -0.984 0.221 -0.995 -5.000 -60.000 0.000 Forward 11.87 22.88 93.9 0.029
400 1/3 0.249 -0.989 0.206 -0.983 0.216 -0.993 0.243 -0.994 -5.000 -51.000 0.000 Forward 11.13 23.10 92.8 0.021
500 1/3 0.259 -0.985 0.132 -0.988 0.201 -0.973 0.132 -0.992 -5.000 -26.000 0.000 Forward 17.29 26.79 98.2 0.023
630 1/3 0.183 -0.984 0.151 -0.982 0.183 -0.987 0.190 -0.991 -5.000 -41.000 0.000 Forward 19.24 27.08 98.8 0.016
800 1/3 0.171 -0.990 0.211 -0.990 0.225 -0.993 0.219 -0.996 -5.000 -42.000 0.000 Forward 15.45 25.82 97.2 0.015
1000 1/3 0.216 -0.984 0.229 -0.990 0.228 -0.994 0.261 -0.996 -5.000 -60.000 0.000 Forward 15.11 25.31 97.0 0.014
1250 1/3 0.154 -0.969 0.240 -0.988 0.232 -0.996 0.232 -0.998 -5.000 -43.000 0.000 Forward 16.55 24.16 97.8 0.012
1600 1/3 0.120 -0.985 0.272 -0.992 0.270 -0.997 0.282 -0.999 -8.000 -55.000 0.000 Forward 15.46 22.88 97.2 0.012
2000 1/3 0.226 -0.950 0.228 -0.987 0.234 -0.995 0.236 -0.997 -5.000 -46.000 0.000 Forward 17.04 23.68 98.1 0.013
2500 1/3 0.230 -0.940 0.195 -0.982 0.215 -0.992 0.220 -0.995 -5.000 -40.000 0.000 Forward 17.17 26.07 98.1 0.012
3150 1/3 0.223 -0.957 0.194 -0.992 0.215 -0.994 0.245 -0.996 -5.000 -54.000 0.000 Forward 17.30 26.13 98.2 0.011
4000 1/3 0.234 -0.957 0.215 -0.992 0.232 -0.996 0.232 -0.999 -5.000 -55.000 0.000 Forward 16.43 24.64 97.8 0.011
5000 1/3 0.219 -0.903 0.208 -0.990 0.222 -0.995 0.244 -0.998 -5.000 -60.000 0.000 Forward 19.59 27.22 98.9 0.006
6300 1/3 0.448 -0.881 0.206 -0.979 0.214 -0.992 0.238 -0.997 -5.000 -60.000 0.000 Forward 17.89 25.84 98.4 0.009
8000 1/3 0.191 -0.869 0.243 -0.990 0.222 -0.996 0.230 -0.998 -5.000 -49.000 0.000 Forward 18.12 27.12 98.5 0.005
10000 1/3 0.123 -0.842 0.236 -0.986 0.217 -0.993 0.222 -0.997 -5.000 -50.000 0.000 Forward 19.39 28.42 98.9 0.004

full 1/3 0.231 -0.973 0.211 -0.995 0.227 -0.996 0.220 -0.997 -5.000 -33.000 0.000 Forward 17.36 26.07 98.2 0.008

