RT60 data saved by REW V5.31.1
Source: Scarlett 2i4 USB, MICROPHONE, R, volume: no control
Dated: May 16, 2024 6:40:49 AM
Measurement: bns-before-p1-l
Sweep level: -18.0 dBFS
Response measured over: 10.1 to 20,000.0 Hz
Peak value: 0.00938638 at index 44100
Response length: 131072 samples
Sample interval: 2.2675736961451248E-5 seconds
Start time: -0.9999999848107192 seconds

Format is freq (Hz), BW (octaves), EDT (s), r, T20 (s), r, T30 (s), r, Topt (s), r, ToptStart (dB), ToptEnd (dB), T60M (s), reverse/forward/zero phase filtered, C50 (dB), C80 (dB), D50 (%), TS (s)

50 1/3 0.944 -0.948 0.728 -0.990 0.728 -0.996 0.739 -0.998 -5.000 -46.000 0.000 Forward 1.04 7.03 55.9 0.119
63 1/3 0.945 -0.926 0.577 -0.990 0.694 -0.992 0.729 -0.996 -5.000 -49.000 0.000 Forward -1.19 5.46 43.2 0.100
80 1/3 0.930 -0.950 0.280 -0.986 0.475 -0.958 0.225 -0.997 -5.000 -20.000 0.000 Forward 1.79 5.43 60.2 0.085
100 1/3 0.667 -0.945 0.437 -0.988 0.528 -0.988 0.548 -0.995 -5.000 -51.000 0.000 Forward 5.03 12.06 76.1 0.072
125 1/3 0.447 -0.919 0.216 -0.977 0.253 -0.988 0.232 -0.990 -5.000 -32.000 0.000 Forward 10.91 19.28 92.5 0.048
160 1/3 0.216 -0.915 0.429 -0.984 0.459 -0.990 0.461 -0.991 -12.000 -36.000 0.000 Forward 13.22 19.04 95.5 0.027
200 1/3 0.355 -0.951 0.322 -0.989 0.342 -0.995 0.332 -0.996 -5.000 -39.000 0.000 Forward 10.98 15.05 92.6 0.033
250 1/3 0.263 -0.989 0.362 -0.991 0.340 -0.995 0.339 -0.995 -5.000 -36.000 0.000 Forward 13.59 16.80 95.8 0.025
315 1/3 0.216 -0.891 0.296 -0.991 0.265 -0.989 0.303 -0.995 -5.000 -53.000 0.000 Forward 14.24 20.90 96.4 0.025
400 1/3 0.325 -0.976 0.295 -0.979 0.291 -0.992 0.275 -0.998 -5.000 -60.000 0.000 Forward 13.07 18.62 95.3 0.025
500 1/3 0.265 -0.955 0.267 -0.979 0.288 -0.991 0.290 -0.996 -5.000 -43.000 0.000 Forward 12.62 21.80 94.8 0.022
630 1/3 0.226 -0.989 0.255 -0.993 0.270 -0.995 0.297 -0.995 -5.000 -44.000 0.000 Forward 13.51 21.02 95.7 0.019
800 1/3 0.130 -0.986 0.220 -0.991 0.305 -0.972 0.420 -0.995 -14.000 -60.000 0.000 Forward 18.66 26.77 98.7 0.014
1000 1/3 0.173 -0.977 0.340 -0.986 0.314 -0.995 0.317 -0.998 -5.000 -47.000 0.000 Forward 14.52 19.59 96.6 0.016
1250 1/3 0.255 -0.978 0.280 -0.987 0.289 -0.996 0.321 -0.996 -5.000 -47.000 0.000 Forward 10.75 17.48 92.2 0.020
1600 1/3 0.258 -0.954 0.336 -0.996 0.358 -0.997 0.361 -0.999 -5.000 -46.000 0.000 Forward 11.79 17.73 93.8 0.016
2000 1/3 0.312 -0.981 0.321 -0.991 0.345 -0.996 0.359 -0.997 -5.000 -42.000 0.000 Forward 12.59 18.61 94.8 0.016
2500 1/3 0.275 -0.981 0.306 -0.994 0.370 -0.992 0.389 -0.995 -5.000 -44.000 0.000 Forward 13.59 19.33 95.8 0.014
3150 1/3 0.391 -0.967 0.298 -0.979 0.322 -0.992 0.358 -0.995 -5.000 -48.000 0.000 Forward 12.85 18.74 95.1 0.018
4000 1/3 0.381 -0.925 0.345 -0.991 0.369 -0.996 0.381 -0.998 -5.000 -50.000 0.000 Forward 12.55 18.26 94.7 0.013
5000 1/3 0.282 -0.910 0.302 -0.991 0.350 -0.992 0.390 -0.997 -5.000 -60.000 0.000 Forward 16.04 21.34 97.6 0.008
6300 1/3 0.331 -0.887 0.310 -0.997 0.334 -0.998 0.352 -0.998 -5.000 -46.000 0.000 Forward 14.50 20.68 96.6 0.008
8000 1/3 0.325 -0.909 0.332 -0.996 0.344 -0.998 0.365 -0.998 -5.000 -48.000 0.000 Forward 13.41 19.04 95.6 0.009
10000 1/3 0.165 -0.849 0.322 -0.996 0.649 -0.943 0.719 -0.992 -14.000 -60.000 0.000 Forward 16.02 22.17 97.6 0.006

full 1/3 0.287 -0.980 0.314 -0.998 0.392 -0.991 0.309 -0.998 -5.000 -24.000 0.000 Forward 13.82 19.87 96.0 0.010

