RT60 data saved by REW V5.31.1
Source: Scarlett 2i4 USB, MICROPHONE, R, volume: no control
Dated: May 16, 2024 6:41:47 AM
Measurement: bns-before-p1-rl
Sweep level: -18.0 dBFS
Response measured over: 10.1 to 20,000.0 Hz
Peak value: 0.004024617 at index 44100
Response length: 131072 samples
Sample interval: 2.2675736961451248E-5 seconds
Start time: -1.000000005616632 seconds

Format is freq (Hz), BW (octaves), EDT (s), r, T20 (s), r, T30 (s), r, Topt (s), r, ToptStart (dB), ToptEnd (dB), T60M (s), reverse/forward/zero phase filtered, C50 (dB), C80 (dB), D50 (%), TS (s)

50 1/3 0.702 -0.973 0.703 -0.996 0.679 -0.998 0.679 -0.998 -5.000 -35.000 0.000 Forward 7.47 9.05 84.8 0.081
63 1/3 0.508 -0.985 0.417 -0.972 0.463 -0.973 0.422 -0.991 -5.000 -50.000 0.000 Forward 10.31 18.59 91.5 0.051
80 1/3 0.520 -0.880 0.293 -0.976 0.342 -0.991 0.342 -0.991 -5.000 -35.000 0.000 Forward 15.92 20.85 97.5 0.055
100 1/3 0.589 -0.914 0.319 -0.974 0.346 -0.989 0.230 -0.996 -5.000 -20.000 0.000 Forward 11.68 20.95 93.6 0.054
125 1/3 0.430 -0.967 0.234 -0.994 0.311 -0.987 0.322 -0.995 -5.000 -46.000 0.000 Forward 11.80 19.29 93.8 0.042
160 1/3 0.297 -0.975 0.262 -0.954 0.315 -0.979 0.329 -0.984 -5.000 -38.000 0.000 Forward 17.14 21.16 98.1 0.031
200 1/3 0.281 -0.970 0.249 -0.991 0.227 -0.991 0.224 -0.994 -5.000 -40.000 0.000 Forward 13.96 21.62 96.1 0.028
250 1/3 0.337 -0.989 0.298 -0.994 0.278 -0.994 0.275 -0.998 -5.000 -49.000 0.000 Forward 9.67 17.40 90.3 0.032
315 1/3 0.221 -0.988 0.192 -0.985 0.244 -0.982 0.240 -0.991 -5.000 -44.000 0.000 Forward 14.05 23.63 96.2 0.023
400 1/3 0.369 -0.978 0.266 -0.980 0.273 -0.987 0.257 -0.996 -5.000 -53.000 0.000 Forward 11.18 18.07 92.9 0.030
500 1/3 0.203 -0.986 0.263 -0.984 0.262 -0.994 0.278 -0.996 -5.000 -45.000 0.000 Forward 14.19 19.44 96.3 0.019
630 1/3 0.196 -0.993 0.238 -0.990 0.281 -0.988 0.286 -0.997 -5.000 -50.000 0.000 Forward 15.12 22.94 97.0 0.017
800 1/3 0.290 -0.977 0.299 -0.990 0.288 -0.992 0.284 -0.997 -5.000 -49.000 0.000 Forward 9.67 15.35 90.3 0.025
1000 1/3 0.176 -0.973 0.294 -0.997 0.300 -0.999 0.299 -0.999 -5.000 -41.000 0.000 Forward 12.35 19.14 94.5 0.019
1250 1/3 0.228 -0.986 0.249 -0.997 0.314 -0.991 0.249 -0.997 -5.000 -25.000 0.000 Forward 13.19 19.78 95.4 0.022
1600 1/3 0.343 -0.981 0.279 -0.994 0.309 -0.994 0.321 -0.997 -5.000 -46.000 0.000 Forward 11.66 17.28 93.6 0.021
2000 1/3 0.262 -0.952 0.254 -0.995 0.300 -0.993 0.326 -0.996 -5.000 -46.000 0.000 Forward 13.11 19.83 95.3 0.016
2500 1/3 0.278 -0.976 0.236 -0.994 0.263 -0.995 0.244 -0.996 -5.000 -29.000 0.000 Forward 13.06 21.45 95.3 0.014
3150 1/3 0.298 -0.991 0.233 -0.997 0.259 -0.996 0.234 -0.998 -5.000 -26.000 0.000 Forward 11.45 20.07 93.3 0.016
4000 1/3 0.279 -0.948 0.246 -0.995 0.255 -0.997 0.243 -0.997 -5.000 -30.000 0.000 Forward 14.12 21.76 96.3 0.012
5000 1/3 0.257 -0.972 0.245 -0.997 0.258 -0.999 0.258 -0.999 -5.000 -35.000 0.000 Forward 13.52 20.75 95.7 0.015
6300 1/3 0.115 -0.957 0.240 -0.997 0.245 -0.999 0.246 -0.999 -8.000 -38.000 0.000 Forward 15.75 24.15 97.4 0.011
8000 1/3 0.136 -0.951 0.255 -0.993 0.242 -0.998 0.244 -0.998 -5.000 -36.000 0.000 Forward 15.54 23.64 97.3 0.011
10000 1/3 0.196 -0.977 0.220 -0.999 0.235 -0.998 0.222 -0.999 -5.000 -28.000 0.000 Forward 14.80 23.46 96.8 0.013

full 1/3 0.229 -0.970 0.244 -0.999 0.263 -0.998 0.246 -0.999 -5.000 -28.000 0.000 Forward 14.05 21.67 96.2 0.013

