RT60 data saved by REW V5.31.1
Source: Scarlett 2i4 USB, MICROPHONE, R, volume: no control
Dated: May 16, 2024 7:05:56 AM
Measurement: bns-back12-p1-rl
Sweep level: -18.0 dBFS
Response measured over: 10.1 to 20,000.0 Hz
Peak value: 0.0040008905 at index 44100
Response length: 131072 samples
Sample interval: 2.2675736961451248E-5 seconds
Start time: -1.0000000500004538 seconds

Format is freq (Hz), BW (octaves), EDT (s), r, T20 (s), r, T30 (s), r, Topt (s), r, ToptStart (dB), ToptEnd (dB), T60M (s), reverse/forward/zero phase filtered, C50 (dB), C80 (dB), D50 (%), TS (s)

50 1/3 0.790 -0.979 0.742 -0.998 0.725 -0.999 0.736 -0.999 -5.000 -32.000 0.000 Forward 6.25 7.92 80.8 0.085
63 1/3 0.586 -0.985 0.307 -0.995 0.433 -0.982 0.311 -0.996 -5.000 -26.000 0.000 Forward 8.94 17.09 88.7 0.057
80 1/3 0.512 -0.876 0.311 -0.976 0.364 -0.987 0.381 -0.989 -5.000 -36.000 0.000 Forward 17.35 21.34 98.2 0.055
100 1/3 0.599 -0.899 0.208 -0.988 0.269 -0.983 0.177 -0.989 -5.000 -20.000 0.000 Forward 12.81 24.81 95.0 0.053
125 1/3 0.331 -0.941 0.265 -0.949 0.312 -0.979 0.380 -0.990 -5.000 -60.000 0.000 Forward 18.90 21.53 98.7 0.036
160 1/3 0.219 -0.933 0.183 -0.964 0.283 -0.956 0.183 -0.981 -5.000 -28.000 0.000 Forward 18.57 27.53 98.6 0.027
200 1/3 0.253 -0.973 0.265 -0.987 0.248 -0.994 0.256 -0.996 -5.000 -41.000 0.000 Forward 14.68 21.55 96.7 0.026
250 1/3 0.438 -0.982 0.204 -0.988 0.184 -0.991 0.186 -0.994 -5.000 -38.000 0.000 Forward 10.23 18.73 91.3 0.034
315 1/3 0.182 -0.977 0.268 -0.965 0.250 -0.988 0.254 -0.996 -5.000 -51.000 0.000 Forward 12.11 24.13 94.2 0.019
400 1/3 0.287 -0.978 0.192 -0.980 0.235 -0.985 0.234 -0.995 -5.000 -55.000 0.000 Forward 16.20 23.72 97.7 0.023
500 1/3 0.243 -0.994 0.207 -0.997 0.207 -0.992 0.207 -0.997 -5.000 -25.000 0.000 Forward 14.46 23.85 96.5 0.020
630 1/3 0.243 -0.973 0.238 -0.981 0.261 -0.992 0.270 -0.998 -5.000 -60.000 0.000 Forward 15.81 22.91 97.4 0.017
800 1/3 0.328 -0.986 0.244 -0.980 0.245 -0.994 0.263 -0.998 -5.000 -54.000 0.000 Forward 10.54 16.46 91.9 0.022
1000 1/3 0.226 -0.957 0.255 -0.992 0.221 -0.991 0.248 -0.995 -5.000 -52.000 0.000 Forward 12.90 19.30 95.1 0.023
1250 1/3 0.272 -0.967 0.176 -0.995 0.222 -0.988 0.178 -0.997 -5.000 -28.000 0.000 Forward 13.63 24.35 95.8 0.022
1600 1/3 0.301 -0.981 0.209 -0.997 0.255 -0.992 0.265 -0.997 -5.000 -55.000 0.000 Forward 13.50 21.50 95.7 0.016
2000 1/3 0.269 -0.938 0.247 -0.995 0.237 -0.997 0.240 -0.998 -5.000 -37.000 0.000 Forward 14.86 21.50 96.8 0.012
2500 1/3 0.298 -0.952 0.215 -0.994 0.233 -0.996 0.193 -0.998 -5.000 -21.000 0.000 Forward 15.11 22.47 97.0 0.012
3150 1/3 0.231 -0.977 0.227 -0.998 0.229 -0.999 0.230 -0.999 -5.000 -37.000 0.000 Forward 14.52 23.17 96.6 0.012
4000 1/3 0.189 -0.939 0.235 -0.993 0.230 -0.997 0.255 -0.998 -5.000 -59.000 0.000 Forward 16.25 24.25 97.7 0.008
5000 1/3 0.244 -0.978 0.221 -0.993 0.231 -0.997 0.258 -0.998 -5.000 -57.000 0.000 Forward 13.72 23.06 95.9 0.014
6300 1/3 0.195 -0.934 0.246 -0.991 0.236 -0.997 0.238 -0.999 -5.000 -48.000 0.000 Forward 14.64 24.40 96.7 0.009
8000 1/3 0.218 -0.948 0.234 -0.994 0.219 -0.998 0.223 -0.998 -5.000 -40.000 0.000 Forward 14.60 24.21 96.6 0.011
10000 1/3 0.247 -0.979 0.200 -0.997 0.200 -0.999 0.202 -0.999 -5.000 -37.000 0.000 Forward 14.19 24.24 96.3 0.013

full 1/3 0.243 -0.980 0.224 -0.998 0.233 -0.998 0.224 -0.999 -5.000 -31.000 0.000 Forward 14.69 23.34 96.7 0.011

