RT60 data saved by REW V5.31.1
Source: Scarlett 2i4 USB, MICROPHONE, R, volume: no control
Dated: May 16, 2024 6:58:49 AM
Measurement: bns-back1-p1-rl
Sweep level: -18.0 dBFS
Response measured over: 10.1 to 20,000.0 Hz
Peak value: 0.0040033376 at index 44100
Response length: 131072 samples
Sample interval: 2.2675736961451248E-5 seconds
Start time: -1.0000000005987912 seconds

Format is freq (Hz), BW (octaves), EDT (s), r, T20 (s), r, T30 (s), r, Topt (s), r, ToptStart (dB), ToptEnd (dB), T60M (s), reverse/forward/zero phase filtered, C50 (dB), C80 (dB), D50 (%), TS (s)

50 1/3 0.804 -0.980 0.723 -0.995 0.678 -0.997 0.677 -0.997 -5.000 -37.000 0.000 Forward 6.02 7.74 80.0 0.086
63 1/3 0.599 -0.986 0.310 -0.996 0.416 -0.980 0.310 -0.996 -5.000 -25.000 0.000 Forward 8.78 16.74 88.3 0.058
80 1/3 0.511 -0.876 0.304 -0.977 0.363 -0.989 0.363 -0.989 -5.000 -35.000 0.000 Forward 17.36 21.87 98.2 0.054
100 1/3 0.600 -0.901 0.211 -0.988 0.273 -0.984 0.180 -0.990 -5.000 -20.000 0.000 Forward 12.67 24.37 94.9 0.053
125 1/3 0.326 -0.941 0.272 -0.949 0.311 -0.981 0.339 -0.992 -5.000 -47.000 0.000 Forward 18.87 21.33 98.7 0.035
160 1/3 0.216 -0.948 0.178 -0.963 0.291 -0.955 0.188 -0.977 -5.000 -28.000 0.000 Forward 18.26 27.17 98.5 0.027
200 1/3 0.264 -0.975 0.268 -0.984 0.248 -0.994 0.258 -0.996 -5.000 -42.000 0.000 Forward 13.91 20.98 96.1 0.027
250 1/3 0.407 -0.983 0.207 -0.984 0.197 -0.993 0.201 -0.995 -5.000 -39.000 0.000 Forward 10.67 19.51 92.1 0.033
315 1/3 0.235 -0.971 0.251 -0.956 0.255 -0.983 0.257 -0.994 -5.000 -48.000 0.000 Forward 10.87 24.30 92.4 0.021
400 1/3 0.317 -0.961 0.197 -0.976 0.265 -0.974 0.250 -0.994 -5.000 -54.000 0.000 Forward 15.35 22.52 97.2 0.026
500 1/3 0.257 -0.994 0.214 -0.987 0.230 -0.992 0.233 -0.993 -5.000 -36.000 0.000 Forward 16.18 22.19 97.6 0.020
630 1/3 0.251 -0.973 0.223 -0.977 0.248 -0.990 0.274 -0.996 -5.000 -54.000 0.000 Forward 14.79 24.11 96.8 0.018
800 1/3 0.331 -0.977 0.282 -0.982 0.289 -0.993 0.292 -0.998 -5.000 -60.000 0.000 Forward 9.78 13.68 90.5 0.024
1000 1/3 0.232 -0.962 0.268 -0.989 0.268 -0.996 0.270 -0.998 -5.000 -55.000 0.000 Forward 12.27 17.76 94.4 0.023
1250 1/3 0.257 -0.975 0.189 -0.997 0.257 -0.983 0.190 -0.997 -5.000 -26.000 0.000 Forward 13.70 23.21 95.9 0.021
1600 1/3 0.309 -0.972 0.219 -0.995 0.250 -0.994 0.270 -0.997 -5.000 -52.000 0.000 Forward 13.28 20.01 95.5 0.017
2000 1/3 0.280 -0.931 0.265 -0.994 0.264 -0.998 0.284 -0.998 -5.000 -51.000 0.000 Forward 14.10 20.51 96.3 0.012
2500 1/3 0.344 -0.937 0.224 -0.994 0.246 -0.995 0.265 -0.997 -5.000 -49.000 0.000 Forward 14.53 21.72 96.6 0.013
3150 1/3 0.266 -0.979 0.219 -0.996 0.229 -0.998 0.237 -0.998 -5.000 -20.000 0.000 Forward 13.40 23.31 95.6 0.013
4000 1/3 0.231 -0.931 0.239 -0.991 0.237 -0.997 0.245 -0.998 -5.000 -43.000 0.000 Forward 14.98 23.89 96.9 0.009
5000 1/3 0.284 -0.969 0.229 -0.992 0.233 -0.997 0.237 -0.997 -5.000 -37.000 0.000 Forward 13.05 22.13 95.3 0.015
6300 1/3 0.243 -0.928 0.242 -0.990 0.235 -0.997 0.237 -0.998 -5.000 -40.000 0.000 Forward 13.82 23.54 96.0 0.010
8000 1/3 0.249 -0.956 0.224 -0.992 0.223 -0.997 0.228 -0.998 -5.000 -40.000 0.000 Forward 14.04 24.14 96.2 0.012
10000 1/3 0.242 -0.970 0.206 -0.997 0.212 -0.998 0.212 -0.998 -5.000 -35.000 0.000 Forward 14.03 23.74 96.2 0.013

full 1/3 0.263 -0.981 0.226 -0.998 0.240 -0.998 0.227 -0.999 -5.000 -30.000 0.000 Forward 14.04 22.80 96.2 0.012

