RT60 data saved by REW V5.31.1
Source: Scarlett 2i4 USB, MICROPHONE, R, volume: no control
Dated: May 16, 2024 7:05:18 AM
Measurement: bns-back12-p1-r
Sweep level: -18.0 dBFS
Response measured over: 10.1 to 20,000.0 Hz
Peak value: 0.010058481 at index 44100
Response length: 131072 samples
Sample interval: 2.2675736961451248E-5 seconds
Start time: -0.9999999711243293 seconds

Format is freq (Hz), BW (octaves), EDT (s), r, T20 (s), r, T30 (s), r, Topt (s), r, ToptStart (dB), ToptEnd (dB), T60M (s), reverse/forward/zero phase filtered, C50 (dB), C80 (dB), D50 (%), TS (s)

50 1/3 1.170 -0.953 0.649 -0.996 0.652 -0.998 0.669 -0.999 -5.000 -48.000 0.000 Forward -2.04 3.76 38.5 0.134
63 1/3 0.705 -0.949 0.507 -0.993 0.576 -0.991 0.512 -0.996 -5.000 -30.000 0.000 Forward 5.73 8.82 78.9 0.088
80 1/3 0.842 -0.976 0.374 -0.964 0.475 -0.972 0.528 -0.991 -5.000 -56.000 0.000 Forward 3.96 5.16 71.3 0.081
100 1/3 0.687 -0.972 0.431 -0.964 0.441 -0.987 0.445 -0.994 -5.000 -60.000 0.000 Forward 7.03 8.42 83.5 0.065
125 1/3 0.395 -0.952 0.291 -0.975 0.266 -0.991 0.266 -0.991 -5.000 -35.000 0.000 Forward 15.75 19.89 97.4 0.039
160 1/3 0.360 -0.980 0.225 -0.976 0.399 -0.939 0.222 -0.987 -5.000 -29.000 0.000 Forward 8.99 20.21 88.8 0.033
200 1/3 0.409 -0.980 0.318 -0.989 0.331 -0.991 0.345 -0.994 -5.000 -44.000 0.000 Forward 9.19 17.51 89.2 0.030
250 1/3 0.245 -0.952 0.251 -0.989 0.255 -0.996 0.253 -0.998 -5.000 -43.000 0.000 Forward 15.03 21.87 97.0 0.022
315 1/3 0.203 -0.952 0.273 -0.989 0.243 -0.991 0.248 -0.996 -5.000 -49.000 0.000 Forward 15.64 21.29 97.3 0.022
400 1/3 0.202 -0.983 0.230 -0.988 0.219 -0.994 0.246 -0.996 -5.000 -60.000 0.000 Forward 13.93 23.77 96.1 0.021
500 1/3 0.235 -0.942 0.242 -0.987 0.230 -0.994 0.230 -0.994 -5.000 -35.000 0.000 Forward 14.24 23.03 96.4 0.015
630 1/3 0.125 -0.985 0.276 -0.983 0.285 -0.995 0.263 -0.997 -8.000 -58.000 0.000 Forward 16.75 24.43 97.9 0.013
800 1/3 0.106 -0.943 0.272 -0.982 0.270 -0.995 0.258 -0.997 -9.000 -48.000 0.000 Forward 17.46 24.99 98.2 0.010
1000 1/3 0.217 -0.962 0.241 -0.984 0.263 -0.994 0.248 -0.996 -5.000 -51.000 0.000 Forward 16.00 22.82 97.6 0.012
1250 1/3 0.236 -0.994 0.255 -0.985 0.231 -0.994 0.247 -0.997 -5.000 -49.000 0.000 Forward 11.85 19.62 93.9 0.019
1600 1/3 0.233 -0.980 0.294 -0.997 0.281 -0.998 0.280 -0.999 -5.000 -43.000 0.000 Forward 12.07 18.46 94.2 0.017
2000 1/3 0.271 -0.977 0.271 -0.983 0.283 -0.993 0.301 -0.997 -5.000 -50.000 0.000 Forward 15.57 20.62 97.3 0.014
2500 1/3 0.228 -0.948 0.256 -0.988 0.292 -0.992 0.317 -0.998 -5.000 -57.000 0.000 Forward 16.96 22.62 98.0 0.010
3150 1/3 0.248 -0.884 0.250 -0.996 0.284 -0.995 0.305 -0.998 -5.000 -55.000 0.000 Forward 16.65 24.11 97.9 0.008
4000 1/3 0.402 -0.863 0.269 -0.981 0.282 -0.992 0.298 -0.998 -5.000 -56.000 0.000 Forward 16.77 21.61 97.9 0.009
5000 1/3 0.259 -0.950 0.304 -0.994 0.297 -0.998 0.308 -0.999 -5.000 -56.000 0.000 Forward 16.04 21.27 97.6 0.008
6300 1/3 0.243 -0.822 0.282 -0.994 0.272 -0.997 0.279 -0.999 -5.000 -48.000 0.000 Forward 16.79 23.62 97.9 0.006
8000 1/3 0.273 -0.875 0.283 -0.986 0.274 -0.995 0.323 -0.997 -5.000 -60.000 0.000 Forward 15.07 22.43 97.0 0.008
10000 1/3 0.273 -0.886 0.277 -0.987 0.262 -0.995 0.304 -0.997 -5.000 -60.000 0.000 Forward 14.86 23.14 96.8 0.007

full 1/3 0.290 -0.949 0.289 -0.996 0.317 -0.997 0.306 -0.997 -5.000 -32.000 0.000 Forward 15.47 21.70 97.2 0.008

