RT60 data saved by REW V5.31.1
Source: Scarlett 2i4 USB, MICROPHONE, R, volume: no control
Dated: May 16, 2024 7:50:05 AM
Measurement: bns-back12-side12-p1-rr
Sweep level: -18.0 dBFS
Response measured over: 10.1 to 20,000.0 Hz
Peak value: 0.003777301 at index 44100
Response length: 131072 samples
Sample interval: 2.2675736961451248E-5 seconds
Start time: -1.0000000432691194 seconds

Format is freq (Hz), BW (octaves), EDT (s), r, T20 (s), r, T30 (s), r, Topt (s), r, ToptStart (dB), ToptEnd (dB), T60M (s), reverse/forward/zero phase filtered, C50 (dB), C80 (dB), D50 (%), TS (s)

50 1/3 0.863 -0.976 0.652 -0.984 0.607 -0.994 0.632 -0.996 -5.000 -43.000 0.000 Forward 7.73 8.37 85.6 0.081
63 1/3 0.421 -0.904 0.466 -0.948 0.460 -0.986 0.475 -0.991 -5.000 -41.000 0.000 Forward 11.46 13.92 93.3 0.047
80 1/3 0.548 -0.933 0.275 -0.996 0.497 -0.953 0.262 -0.998 -5.000 -24.000 0.000 Forward 7.77 13.26 85.7 0.062
100 1/3 0.651 -0.885 0.226 -0.958 0.479 -0.929 0.139 -0.998 -5.000 -20.000 0.000 Forward 9.16 20.38 89.2 0.056
125 1/3 0.323 -0.910 0.287 -0.949 0.216 -0.977 0.216 -0.977 -5.000 -35.000 0.000 Forward 13.61 21.43 95.8 0.035
160 1/3 0.245 -0.895 0.313 -0.963 0.292 -0.973 0.313 -0.980 -5.000 -40.000 0.000 Forward 16.76 24.12 97.9 0.028
200 1/3 0.215 -0.954 0.254 -0.973 0.263 -0.988 0.205 -0.991 -5.000 -23.000 0.000 Forward 16.06 23.35 97.6 0.025
250 1/3 0.474 -0.896 0.267 -0.949 0.256 -0.975 0.253 -0.992 -5.000 -47.000 0.000 Forward 7.61 20.81 85.2 0.024
315 1/3 0.204 -0.980 0.222 -0.952 0.260 -0.957 0.275 -0.990 -5.000 -60.000 0.000 Forward 19.11 24.41 98.8 0.018
400 1/3 0.206 -0.991 0.273 -0.995 0.244 -0.990 0.239 -0.997 -5.000 -52.000 0.000 Forward 14.12 22.66 96.3 0.018
500 1/3 0.242 -0.989 0.197 -0.975 0.198 -0.988 0.205 -0.993 -5.000 -42.000 0.000 Forward 13.23 26.28 95.5 0.018
630 1/3 0.241 -0.989 0.194 -0.990 0.221 -0.992 0.235 -0.996 -5.000 -46.000 0.000 Forward 15.06 23.00 97.0 0.020
800 1/3 0.167 -0.978 0.268 -0.982 0.238 -0.994 0.236 -0.998 -5.000 -53.000 0.000 Forward 12.49 21.20 94.7 0.018
1000 1/3 0.207 -0.956 0.219 -0.971 0.232 -0.989 0.233 -0.997 -5.000 -52.000 0.000 Forward 15.81 25.11 97.4 0.019
1250 1/3 0.188 -0.970 0.224 -0.992 0.226 -0.997 0.233 -0.998 -5.000 -45.000 0.000 Forward 14.63 23.47 96.7 0.013
1600 1/3 0.157 -0.974 0.246 -0.992 0.232 -0.996 0.225 -0.997 -5.000 -42.000 0.000 Forward 16.14 24.02 97.6 0.010
2000 1/3 0.201 -0.958 0.217 -0.994 0.205 -0.998 0.207 -0.998 -5.000 -37.000 0.000 Forward 15.58 26.36 97.3 0.010
2500 1/3 0.236 -0.959 0.210 -0.996 0.214 -0.998 0.214 -0.998 -5.000 -37.000 0.000 Forward 16.84 25.40 98.0 0.010
3150 1/3 0.246 -0.990 0.222 -0.993 0.227 -0.997 0.235 -0.999 -5.000 -48.000 0.000 Forward 15.26 22.18 97.1 0.014
4000 1/3 0.177 -0.983 0.219 -0.992 0.227 -0.997 0.233 -0.999 -5.000 -54.000 0.000 Forward 14.91 23.23 96.9 0.012
5000 1/3 0.154 -0.942 0.215 -0.991 0.220 -0.996 0.231 -0.998 -5.000 -52.000 0.000 Forward 17.82 24.62 98.4 0.012
6300 1/3 0.182 -0.979 0.189 -0.992 0.207 -0.995 0.231 -0.998 -5.000 -60.000 0.000 Forward 17.70 27.18 98.3 0.012
8000 1/3 0.154 -0.977 0.185 -0.995 0.207 -0.996 0.214 -0.998 -5.000 -46.000 0.000 Forward 17.30 25.86 98.2 0.013
10000 1/3 0.176 -0.983 0.196 -0.998 0.205 -0.999 0.206 -0.999 -5.000 -44.000 0.000 Forward 15.34 24.56 97.2 0.015

full 1/3 0.154 -0.988 0.230 -0.996 0.228 -0.999 0.226 -0.999 -5.000 -34.000 0.000 Forward 15.35 23.90 97.2 0.011

