RT60 data saved by REW V5.31.1
Source: Scarlett 2i4 USB, MICROPHONE, R, volume: no control
Dated: May 16, 2024 7:04:59 AM
Measurement: bns-back12-p1-l
Sweep level: -18.0 dBFS
Response measured over: 10.1 to 20,000.0 Hz
Peak value: 0.009601116 at index 44100
Response length: 131072 samples
Sample interval: 2.2675736961451248E-5 seconds
Start time: -0.9999999829279186 seconds

Format is freq (Hz), BW (octaves), EDT (s), r, T20 (s), r, T30 (s), r, Topt (s), r, ToptStart (dB), ToptEnd (dB), T60M (s), reverse/forward/zero phase filtered, C50 (dB), C80 (dB), D50 (%), TS (s)

50 1/3 0.933 -0.925 0.678 -0.989 0.652 -0.995 0.666 -0.998 -5.000 -58.000 0.000 Forward 0.64 6.86 53.7 0.120
63 1/3 0.966 -0.913 0.521 -0.984 0.603 -0.991 0.633 -0.996 -5.000 -56.000 0.000 Forward -1.66 5.35 40.6 0.101
80 1/3 0.940 -0.952 0.333 -0.980 0.445 -0.978 0.248 -0.996 -5.000 -20.000 0.000 Forward 1.93 5.22 60.9 0.085
100 1/3 0.671 -0.961 0.448 -0.992 0.480 -0.993 0.502 -0.996 -5.000 -49.000 0.000 Forward 5.38 11.83 77.5 0.069
125 1/3 0.448 -0.922 0.234 -0.990 0.239 -0.994 0.233 -0.995 -5.000 -34.000 0.000 Forward 11.58 20.37 93.5 0.047
160 1/3 0.217 -0.924 0.380 -0.980 0.432 -0.987 0.439 -0.991 -5.000 -38.000 0.000 Forward 14.08 20.04 96.2 0.027
200 1/3 0.331 -0.950 0.222 -0.988 0.263 -0.986 0.221 -0.990 -5.000 -28.000 0.000 Forward 11.11 19.34 92.8 0.033
250 1/3 0.222 -0.989 0.307 -0.975 0.292 -0.988 0.280 -0.995 -5.000 -44.000 0.000 Forward 15.56 19.47 97.3 0.022
315 1/3 0.225 -0.910 0.278 -0.986 0.226 -0.979 0.228 -0.993 -5.000 -47.000 0.000 Forward 15.67 21.39 97.4 0.024
400 1/3 0.269 -0.956 0.258 -0.987 0.259 -0.993 0.247 -0.998 -5.000 -60.000 0.000 Forward 13.09 20.80 95.3 0.022
500 1/3 0.237 -0.989 0.180 -0.966 0.235 -0.977 0.254 -0.989 -5.000 -45.000 0.000 Forward 11.81 24.25 93.8 0.021
630 1/3 0.189 -0.982 0.284 -0.984 0.273 -0.994 0.256 -0.996 -5.000 -48.000 0.000 Forward 15.43 20.95 97.2 0.016
800 1/3 0.118 -0.989 0.250 -0.984 0.244 -0.990 0.280 -0.996 -11.000 -58.000 0.000 Forward 17.56 27.86 98.3 0.012
1000 1/3 0.181 -0.987 0.267 -0.981 0.272 -0.992 0.275 -0.999 -5.000 -60.000 0.000 Forward 16.34 22.56 97.7 0.015
1250 1/3 0.174 -0.983 0.262 -0.994 0.250 -0.997 0.261 -0.998 -5.000 -50.000 0.000 Forward 13.25 20.35 95.5 0.016
1600 1/3 0.261 -0.928 0.272 -0.991 0.257 -0.995 0.265 -0.998 -5.000 -57.000 0.000 Forward 13.89 20.74 96.1 0.015
2000 1/3 0.247 -0.946 0.271 -0.993 0.267 -0.997 0.273 -0.999 -5.000 -46.000 0.000 Forward 16.11 22.23 97.6 0.011
2500 1/3 0.225 -0.955 0.213 -0.989 0.264 -0.989 0.299 -0.996 -5.000 -60.000 0.000 Forward 18.64 24.51 98.6 0.010
3150 1/3 0.324 -0.966 0.220 -0.981 0.241 -0.991 0.275 -0.995 -5.000 -52.000 0.000 Forward 16.29 22.26 97.7 0.013
4000 1/3 0.270 -0.927 0.264 -0.994 0.272 -0.997 0.278 -0.999 -5.000 -49.000 0.000 Forward 16.28 22.63 97.7 0.008
5000 1/3 0.122 -0.906 0.231 -0.991 0.267 -0.993 0.288 -0.999 -10.000 -60.000 0.000 Forward 18.87 25.85 98.7 0.006
6300 1/3 0.131 -0.917 0.263 -0.997 0.266 -0.998 0.277 -0.999 -8.000 -57.000 0.000 Forward 17.49 24.35 98.2 0.006
8000 1/3 0.133 -0.848 0.281 -0.997 0.268 -0.998 0.273 -0.999 -8.000 -50.000 0.000 Forward 17.01 24.00 98.0 0.005
10000 1/3 0.148 -0.830 0.250 -0.985 0.232 -0.995 0.237 -0.997 -5.000 -41.000 0.000 Forward 18.07 26.76 98.5 0.004

full 1/3 0.206 -0.979 0.261 -0.998 0.302 -0.994 0.267 -0.998 -5.000 -29.000 0.000 Forward 16.21 23.18 97.7 0.007

