RT60 data saved by REW V5.31.1
Source: Scarlett 2i4 USB, MICROPHONE, R, volume: no control
Dated: May 16, 2024 7:38:58 AM
Measurement: bns-back12-side2-p1-l
Sweep level: -18.0 dBFS
Response measured over: 10.1 to 20,000.0 Hz
Peak value: 0.009781682 at index 44100
Response length: 131072 samples
Sample interval: 2.2675736961451248E-5 seconds
Start time: -0.9999999926275973 seconds

Format is freq (Hz), BW (octaves), EDT (s), r, T20 (s), r, T30 (s), r, Topt (s), r, ToptStart (dB), ToptEnd (dB), T60M (s), reverse/forward/zero phase filtered, C50 (dB), C80 (dB), D50 (%), TS (s)

50 1/3 0.957 -0.913 0.666 -0.989 0.620 -0.995 0.636 -0.998 -5.000 -57.000 0.000 Forward 0.56 6.81 53.2 0.120
63 1/3 0.987 -0.915 0.502 -0.982 0.576 -0.991 0.628 -0.995 -5.000 -52.000 0.000 Forward -1.71 5.05 40.3 0.102
80 1/3 0.918 -0.956 0.399 -0.960 0.462 -0.975 0.446 -0.994 -5.000 -53.000 0.000 Forward 2.38 5.39 63.4 0.084
100 1/3 0.649 -0.963 0.412 -0.995 0.392 -0.997 0.393 -0.998 -5.000 -36.000 0.000 Forward 5.79 12.20 79.1 0.067
125 1/3 0.435 -0.928 0.257 -0.990 0.244 -0.994 0.244 -0.994 -5.000 -35.000 0.000 Forward 12.23 20.44 94.4 0.045
160 1/3 0.214 -0.926 0.315 -0.986 0.429 -0.979 0.380 -0.986 -14.000 -29.000 0.000 Forward 14.99 21.96 96.9 0.027
200 1/3 0.326 -0.955 0.180 -0.983 0.234 -0.979 0.192 -0.989 -5.000 -30.000 0.000 Forward 12.53 22.35 94.7 0.031
250 1/3 0.179 -0.979 0.304 -0.972 0.291 -0.989 0.288 -0.995 -5.000 -43.000 0.000 Forward 17.24 21.30 98.1 0.020
315 1/3 0.223 -0.902 0.225 -0.991 0.222 -0.991 0.230 -0.994 -5.000 -30.000 0.000 Forward 16.38 24.34 97.8 0.024
400 1/3 0.254 -0.948 0.271 -0.990 0.264 -0.993 0.238 -0.997 -5.000 -60.000 0.000 Forward 13.12 20.54 95.4 0.021
500 1/3 0.226 -0.988 0.197 -0.969 0.217 -0.990 0.227 -0.994 -5.000 -45.000 0.000 Forward 12.72 24.82 94.9 0.019
630 1/3 0.186 -0.979 0.306 -0.985 0.277 -0.993 0.255 -0.996 -5.000 -54.000 0.000 Forward 14.32 20.41 96.4 0.016
800 1/3 0.111 -0.984 0.200 -0.984 0.209 -0.994 0.256 -0.994 -5.000 -55.000 0.000 Forward 20.63 29.32 99.1 0.011
1000 1/3 0.171 -0.978 0.257 -0.961 0.265 -0.989 0.263 -0.998 -5.000 -60.000 0.000 Forward 17.56 23.84 98.3 0.014
1250 1/3 0.157 -0.983 0.242 -0.997 0.253 -0.996 0.256 -0.999 -5.000 -60.000 0.000 Forward 14.98 22.17 96.9 0.015
1600 1/3 0.233 -0.942 0.247 -0.989 0.247 -0.994 0.253 -0.997 -5.000 -50.000 0.000 Forward 15.63 22.22 97.3 0.014
2000 1/3 0.245 -0.942 0.262 -0.989 0.265 -0.995 0.265 -0.998 -5.000 -50.000 0.000 Forward 16.99 22.81 98.0 0.011
2500 1/3 0.182 -0.958 0.193 -0.988 0.260 -0.983 0.281 -0.996 -5.000 -58.000 0.000 Forward 19.43 25.32 98.9 0.009
3150 1/3 0.286 -0.954 0.206 -0.984 0.239 -0.989 0.254 -0.996 -5.000 -52.000 0.000 Forward 16.88 23.83 98.0 0.012
4000 1/3 0.143 -0.919 0.254 -0.995 0.269 -0.997 0.260 -0.999 -5.000 -54.000 0.000 Forward 17.65 24.05 98.3 0.007
5000 1/3 0.129 -0.892 0.242 -0.992 0.246 -0.997 0.246 -0.999 -5.000 -54.000 0.000 Forward 17.82 25.83 98.4 0.006
6300 1/3 0.133 -0.876 0.248 -0.995 0.247 -0.998 0.252 -0.999 -5.000 -53.000 0.000 Forward 18.47 25.44 98.6 0.005
8000 1/3 0.112 -0.827 0.252 -0.996 0.260 -0.997 0.264 -0.999 -9.000 -53.000 0.000 Forward 19.16 25.24 98.8 0.004
10000 1/3 0.119 -0.785 0.260 -0.986 0.227 -0.994 0.243 -0.998 -5.000 -55.000 0.000 Forward 18.57 28.07 98.6 0.004

full 1/3 0.172 -0.986 0.250 -0.997 0.292 -0.993 0.261 -0.998 -5.000 -30.000 0.000 Forward 17.09 24.11 98.1 0.007

