RT60 data saved by REW V5.31.1
Source: Scarlett 2i4 USB, MICROPHONE, R, volume: no control
Dated: May 16, 2024 7:40:15 AM
Measurement: bns-back12-side2-p1-rr
Sweep level: -18.0 dBFS
Response measured over: 10.1 to 20,000.0 Hz
Peak value: 0.0037336969 at index 44100
Response length: 131072 samples
Sample interval: 2.2675736961451248E-5 seconds
Start time: -1.000000043949691 seconds

Format is freq (Hz), BW (octaves), EDT (s), r, T20 (s), r, T30 (s), r, Topt (s), r, ToptStart (dB), ToptEnd (dB), T60M (s), reverse/forward/zero phase filtered, C50 (dB), C80 (dB), D50 (%), TS (s)

50 1/3 0.862 -0.976 0.684 -0.986 0.601 -0.991 0.580 -0.995 -5.000 -43.000 0.000 Forward 7.67 8.27 85.4 0.081
63 1/3 0.416 -0.907 0.471 -0.952 0.469 -0.987 0.456 -0.995 -5.000 -52.000 0.000 Forward 11.46 13.81 93.3 0.047
80 1/3 0.558 -0.937 0.295 -0.989 0.557 -0.933 0.262 -0.998 -5.000 -24.000 0.000 Forward 7.46 12.91 84.8 0.063
100 1/3 0.622 -0.881 0.226 -0.962 0.472 -0.923 0.146 -0.998 -5.000 -20.000 0.000 Forward 8.39 19.64 87.3 0.057
125 1/3 0.318 -0.906 0.293 -0.942 0.204 -0.968 0.211 -0.973 -5.000 -36.000 0.000 Forward 13.39 21.62 95.6 0.035
160 1/3 0.233 -0.914 0.270 -0.983 0.285 -0.974 0.231 -0.987 -5.000 -31.000 0.000 Forward 15.77 25.26 97.4 0.029
200 1/3 0.221 -0.975 0.266 -0.984 0.274 -0.991 0.218 -0.993 -5.000 -21.000 0.000 Forward 14.15 22.11 96.3 0.025
250 1/3 0.478 -0.926 0.238 -0.939 0.244 -0.976 0.251 -0.992 -5.000 -47.000 0.000 Forward 7.32 21.59 84.4 0.025
315 1/3 0.205 -0.978 0.219 -0.925 0.261 -0.941 0.287 -0.989 -5.000 -60.000 0.000 Forward 20.47 24.48 99.1 0.019
400 1/3 0.206 -0.984 0.281 -0.995 0.246 -0.992 0.245 -0.997 -5.000 -51.000 0.000 Forward 14.14 22.45 96.3 0.017
500 1/3 0.244 -0.991 0.191 -0.972 0.196 -0.990 0.206 -0.992 -5.000 -40.000 0.000 Forward 12.38 26.36 94.5 0.019
630 1/3 0.229 -0.989 0.172 -0.986 0.224 -0.983 0.260 -0.995 -5.000 -56.000 0.000 Forward 16.84 24.47 98.0 0.020
800 1/3 0.199 -0.970 0.233 -0.979 0.270 -0.990 0.259 -0.997 -5.000 -51.000 0.000 Forward 16.85 23.61 98.0 0.018
1000 1/3 0.236 -0.931 0.223 -0.986 0.256 -0.989 0.254 -0.997 -5.000 -60.000 0.000 Forward 15.08 22.91 97.0 0.022
1250 1/3 0.212 -0.973 0.235 -0.993 0.234 -0.997 0.247 -0.998 -5.000 -50.000 0.000 Forward 14.50 21.41 96.6 0.014
1600 1/3 0.179 -0.979 0.236 -0.994 0.234 -0.998 0.234 -0.998 -5.000 -39.000 0.000 Forward 15.62 23.75 97.3 0.010
2000 1/3 0.235 -0.962 0.219 -0.996 0.211 -0.997 0.211 -0.997 -5.000 -35.000 0.000 Forward 14.62 24.35 96.7 0.011
2500 1/3 0.245 -0.952 0.218 -0.996 0.231 -0.998 0.249 -0.998 -5.000 -52.000 0.000 Forward 16.68 24.24 97.9 0.010
3150 1/3 0.233 -0.988 0.230 -0.995 0.232 -0.998 0.241 -0.999 -5.000 -49.000 0.000 Forward 13.74 21.65 95.9 0.014
4000 1/3 0.185 -0.982 0.233 -0.995 0.231 -0.997 0.229 -0.999 -5.000 -49.000 0.000 Forward 14.04 22.55 96.2 0.012
5000 1/3 0.136 -0.955 0.219 -0.999 0.226 -0.999 0.232 -0.999 -5.000 -48.000 0.000 Forward 16.63 24.73 97.9 0.012
6300 1/3 0.177 -0.984 0.199 -0.997 0.214 -0.998 0.224 -0.999 -5.000 -49.000 0.000 Forward 16.94 25.09 98.0 0.012
8000 1/3 0.157 -0.969 0.204 -0.995 0.211 -0.998 0.216 -0.999 -5.000 -46.000 0.000 Forward 16.12 24.68 97.6 0.013
10000 1/3 0.195 -0.970 0.193 -0.996 0.203 -0.998 0.210 -0.999 -5.000 -46.000 0.000 Forward 15.10 24.35 97.0 0.016

full 1/3 0.164 -0.988 0.226 -0.996 0.233 -0.998 0.227 -0.999 -5.000 -33.000 0.000 Forward 14.64 23.58 96.7 0.012

