* Measurement data measured by REW V5.31
* Source: Scarlett 2i4 USB, MICROPHONE, R, volume: no control. Timing signal peak level -35.9 dBFS, measurement signal peak level -25.5 dBFS
* Format: 512k Log Swept Sine, 1 sweep at -18.0 dBFS using an acoustic timing reference
* Dated: Apr 24, 2024 6:22:55 PM
* REW Settings:
*  C-weighting compensation: Off
*  Target level: 75.0 dB
* Note: ; Delay -0.9313 ms (-319 mm, -(1 ft 0.58 in)) using estimated IR delay relative to Acoustic reference played from SPEAKER L with no timing offset
* Measurement: qrd-2nd-p1-c
* Smoothing: 1/48 octave
* Frequency Step: 96 ppo
* Start Frequency: 10.093689 Hz
*
* Freq(Hz) SPL(dB) Phase(degrees)
10.093689 20.417 65.1252
10.166832 20.560 62.3006
10.240505 20.733 59.0261
10.314712 20.911 55.4781
10.389457 21.082 51.7748
10.464743 21.220 47.9040
10.540575 21.302 43.4998
10.616956 21.346 38.7320
10.693891 21.351 33.8534
10.771383 21.315 29.0737
10.849437 21.240 24.0034
10.928057 21.124 18.4497
11.007246 20.960 12.7423
11.087009 20.740 7.2532
11.167350 20.469 1.9235
11.248273 20.148 -3.8725
11.329783 19.751 -9.8274
11.411883 19.244 -15.4139
11.494578 18.614 -20.2998
11.577873 17.874 -25.2653
11.661771 16.994 -30.0498
11.746277 15.909 -33.8088
11.831395 14.453 -35.3142
11.917130 12.501 -34.0847
12.003487 10.564 -27.5794
12.090469 9.528 -11.2918
12.178081 10.182 13.7489
12.266329 12.199 34.9240
12.355216 14.676 44.6901
12.444747 16.955 46.8341
12.534926 18.910 45.4157
12.625760 20.742 42.8195
12.717251 22.425 39.4187
12.809406 23.906 35.2476
12.902228 25.173 30.5061
12.995723 26.272 25.6705
13.089895 27.258 20.8883
13.184750 28.158 15.9871
13.280292 28.955 10.8357
13.376526 29.660 5.7920
13.473458 30.289 1.0121
13.571093 30.842 -3.9010
13.669434 31.317 -8.8603
13.768489 31.722 -13.5400
13.868261 32.059 -17.9676
13.968756 32.327 -22.5052
14.069979 32.529 -26.8462
14.171936 32.669 -30.7369
14.274632 32.743 -34.5398
14.378072 32.758 -38.1642
14.482261 32.720 -41.3102
14.587206 32.626 -44.0533
14.692910 32.485 -46.4860
14.799381 32.316 -48.4392
14.906624 32.123 -49.7666
15.014643 31.912 -50.5426
15.123446 31.723 -50.8399
15.233036 31.576 -50.5833
15.343421 31.470 -49.7225
15.454606 31.430 -48.6054
15.566596 31.478 -47.3979
15.679398 31.606 -46.0045
15.793018 31.791 -44.7780
15.907460 32.024 -43.9024
16.022732 32.300 -43.2621
16.138840 32.582 -42.9103
16.255788 32.853 -42.8972
16.373585 33.114 -43.1457
16.492234 33.350 -43.5010
16.611744 33.555 -43.9746
16.732119 33.733 -44.5307
16.853367 33.892 -45.0081
16.975494 34.030 -45.4211
17.098505 34.158 -45.7730
17.222408 34.290 -46.0141
17.347209 34.426 -46.1414
17.472914 34.573 -46.2396
17.599530 34.739 -46.3397
17.727063 34.921 -46.4313
17.855521 35.113 -46.6218
17.984909 35.314 -46.9237
18.115235 35.516 -47.3092
18.246506 35.708 -47.7929
18.378727 35.889 -48.3798
18.511907 36.054 -48.9419
18.646052 36.199 -49.4844
18.781169 36.330 -49.9565
18.917265 36.455 -50.2157
19.054347 36.575 -50.3014
19.192423 36.715 -50.1642
19.331499 36.881 -49.7564
19.471583 37.089 -49.1792
19.612682 37.356 -48.5096
19.754804 37.682 -47.7616
19.897956 38.068 -47.1940
20.042144 38.512 -46.7633
20.187378 38.997 -46.6379
20.333664 39.511 -46.8590
20.481010 40.043 -47.3885
20.629424 40.573 -48.2835
20.778913 41.099 -49.4578
20.929486 41.607 -50.8888
21.081150 42.094 -52.5436
21.233912 42.557 -54.3418
21.387782 42.993 -56.2833
21.542767 43.401 -58.2861
21.698874 43.781 -60.3444
21.856113 44.133 -62.4051
22.014492 44.457 -64.4322
22.174018 44.754 -66.4090
22.334700 45.026 -68.2659
22.496546 45.276 -70.0136
22.659566 45.509 -71.5661
22.823766 45.729 -72.9470
22.989157 45.945 -74.0905
23.155745 46.163 -75.0205
23.323542 46.394 -75.7292
23.492554 46.645 -76.2364
23.662790 46.923 -76.5998
23.834261 47.232 -76.8354
24.006973 47.574 -77.0298
24.180938 47.950 -77.1922
24.356163 48.359 -77.3919
24.532658 48.800 -77.6367
24.710431 49.273 -77.9678
24.889493 49.778 -78.4171
25.069853 50.318 -79.0147
25.251519 50.891 -79.8491
25.434502 51.495 -80.9304
25.618811 52.121 -82.4002
25.804456 52.763 -84.2262
25.991445 53.403 -86.5356
26.179790 54.033 -89.2554
26.369500 54.633 -92.4356
26.560584 55.194 -95.9829
26.753053 55.706 -99.8808
26.946917 56.162 -104.0070
27.142185 56.557 -108.3571
27.338869 56.894 -112.7629
27.536977 57.173 -117.2553
27.736522 57.401 -121.6832
27.937512 57.584 -126.0766
28.139959 57.730 -130.3857
28.343872 57.846 -134.6214
28.549264 57.935 -138.8161
28.756143 57.998 -142.9955
28.964522 58.030 -147.1847
29.174411 58.022 -151.4324
29.385821 57.961 -155.6631
29.598763 57.836 -159.8788
29.813248 57.633 -163.9438
30.029287 57.345 -167.6753
30.246891 56.973 -170.9569
30.466073 56.530 -173.4422
30.686842 56.050 -174.9868
30.909212 55.577 -175.3365
31.133193 55.193 -174.5373
31.358797 54.961 -172.8601
31.586035 54.925 -170.6967
31.814921 55.077 -168.7947
32.045465 55.367 -167.4657
32.277680 55.740 -166.8831
32.511577 56.142 -166.9887
32.747169 56.550 -167.5968
32.984469 56.957 -168.5915
33.223488 57.368 -169.8659
33.464239 57.788 -171.4522
33.706735 58.214 -173.3859
33.950987 58.638 -175.7109
34.197010 59.042 -178.4669
34.444816 59.412 178.4116
34.694417 59.736 174.9922
34.945827 60.010 171.3607
35.199059 60.237 167.6379
35.454126 60.424 163.8610
35.711041 60.581 160.0344
35.969818 60.712 156.1332
36.230470 60.813 152.0949
36.493011 60.875 147.8895
36.757455 60.881 143.5299
37.023814 60.814 139.0644
37.292104 60.660 134.6301
37.562338 60.414 130.4522
37.834530 60.086 126.7229
38.108695 59.699 123.6176
38.384846 59.288 121.2697
38.662999 58.900 119.6818
38.943167 58.574 118.6320
39.225365 58.326 117.8095
39.509608 58.144 116.9325
39.795911 57.997 115.8268
40.084289 57.848 114.4730
40.374756 57.667 113.0009
40.667328 57.444 111.6379
40.962020 57.185 110.6154
41.258848 56.916 110.1005
41.557827 56.674 110.1646
41.858972 56.499 110.7452
42.162299 56.424 111.6299
42.467824 56.465 112.4947
42.775564 56.611 112.9976
43.085533 56.830 112.8879
43.397749 57.077 112.0696
43.712227 57.315 110.5959
44.028983 57.517 108.6091
44.348036 57.672 106.2682
44.669400 57.777 103.6974
44.993093 57.836 100.9677
45.319131 57.849 98.1088
45.647532 57.810 95.1464
45.978313 57.713 92.1407
46.311491 57.551 89.2040
46.647083 57.328 86.4864
46.985107 57.057 84.1280
47.325581 56.763 82.1996
47.668521 56.470 80.6614
48.013947 56.196 79.3779
48.361876 55.938 78.1957
48.712326 55.685 77.0352
49.065315 55.422 75.9278
49.420863 55.146 74.9738
49.778987 54.866 74.2510
50.139706 54.598 73.7354
50.503039 54.350 73.2971
50.869005 54.114 72.7796
51.237623 53.866 72.1152
51.608912 53.580 71.3903
51.982891 53.241 70.8173
52.359580 52.855 70.6368
52.739000 52.446 71.0076
53.121168 52.042 71.9496
53.506106 51.664 73.3926
53.893833 51.322 75.2930
54.284370 51.029 77.6902
54.677737 50.814 80.6135
55.073955 50.709 83.8840
55.473043 50.723 87.0618
55.875024 50.815 89.7201
56.279917 50.914 91.8086
56.687745 50.966 93.7783
57.098527 50.984 96.4389
57.512287 51.073 100.5654
57.929045 51.406 106.2765
58.348822 52.121 112.5576
58.771642 53.204 117.6619
59.197525 54.506 120.3553
59.626495 55.864 120.4472
60.058573 57.165 118.3231
60.493782 58.350 114.4337
60.932145 59.385 109.1657
61.373685 60.251 102.8288
61.818424 60.934 95.7107
62.266386 61.425 88.1313
62.717593 61.726 80.3870
63.172071 61.853 72.7952
63.629842 61.835 65.6351
64.090930 61.712 59.0371
64.555359 61.522 53.0286
65.023154 61.299 47.5380
65.494339 61.067 42.4618
65.968938 60.846 37.6909
66.446976 60.658 33.0884
66.928478 60.517 28.4126
67.413469 60.423 23.3401
67.901975 60.354 17.5854
68.394021 60.276 10.9693
68.889632 60.160 3.4223
69.388835 59.991 -5.1098
69.891655 59.764 -14.8177
70.398118 59.478 -26.0321
70.908252 59.123 -39.2440
71.422083 58.686 -54.9203
71.939636 58.170 -73.5887
72.460941 57.617 -95.4524
72.986023 57.113 -120.3542
73.514909 56.763 -146.8162
74.047629 56.631 -172.4286
74.584208 56.718 165.0723
75.124676 57.001 146.7035
75.669061 57.476 132.1971
76.217390 58.146 120.5294
76.769692 58.971 110.3067
77.325997 59.864 100.3499
77.886333 60.714 89.9653
78.450730 61.429 79.0009
79.019216 61.940 67.6349
79.591822 62.215 56.4167
80.168577 62.279 46.0505
80.749512 62.231 37.1398
81.334656 62.220 29.7006
81.924040 62.347 22.8110
82.517696 62.590 15.3511
83.115653 62.843 6.8209
83.717943 63.007 -2.5729
84.324598 63.038 -12.3573
84.935649 62.929 -22.0825
85.551128 62.705 -31.3193
86.171066 62.426 -39.7444
86.795497 62.174 -47.4056
87.424453 61.999 -54.8054
88.057967 61.891 -62.4594
88.696071 61.809 -70.5274
89.338800 61.723 -79.0140
89.986185 61.603 -88.0347
90.638262 61.398 -97.6037
91.295065 61.071 -107.3116
91.956626 60.651 -116.6837
92.622982 60.202 -126.1340
93.294166 59.674 -137.0114
93.970214 58.816 -149.8945
94.651161 57.313 -163.0046
95.337042 55.045 -170.2046
96.027894 52.825 -150.7686
96.723752 52.826 -111.5382
97.424652 54.628 -106.2776
98.130631 56.372 -112.0950
98.841726 57.643 -120.0181
99.557974 58.504 -128.1108
100.279412 59.072 -135.4431
101.006078 59.504 -141.4238
101.738010 59.945 -146.3833
102.475245 60.427 -151.4829
103.217823 60.858 -157.5200
103.965782 61.130 -164.0918
104.719161 61.236 -169.9521
105.477999 61.310 -173.9813
106.242336 61.552 -176.2959
107.012212 62.059 -178.4983
107.787666 62.740 177.8108
108.568740 63.425 172.2139
109.355474 63.986 165.1487
110.147909 64.364 157.2921
110.946086 64.557 149.3008
111.750047 64.600 141.5195
112.559834 64.516 133.8384
113.375489 64.293 126.1781
114.197055 63.912 118.8268
115.024574 63.381 112.0669
115.858089 62.711 106.0189
116.697645 61.913 100.9535
117.543284 61.021 97.1224
118.395051 60.072 94.5947
119.252990 59.124 93.7676
120.117147 58.287 94.7117
120.987565 57.637 96.0599
121.864291 57.103 96.7297
122.747370 56.569 97.3729
123.636848 56.041 99.4326
124.532771 55.697 103.9752
125.435187 55.775 110.0096
126.344142 56.275 113.9441
127.259684 56.900 113.7968
128.181860 57.366 110.4858
129.110718 57.525 105.1190
130.046308 57.287 98.7085
130.988677 56.634 92.3892
131.937875 55.576 85.8181
132.893951 54.119 77.9116
133.856956 53.016 71.4631
134.826938 54.637 -164.0242
135.803950 58.185 -155.2703
136.788041 61.293 -171.5728
137.779264 63.365 168.6942
138.777669 64.425 148.9658
139.783309 64.684 131.8427
140.796237 64.420 118.2435
141.816504 63.814 107.3052
142.844165 62.913 98.8308
143.879273 61.799 94.2148
144.921881 60.728 94.3383
145.972045 60.017 97.5740
147.029819 59.797 101.1210
148.095257 59.995 103.7615
149.168417 60.513 105.3350
150.249353 61.274 105.2596
151.338121 62.139 102.2820
152.434780 62.920 96.0315
153.539385 63.483 87.2007
154.651995 63.744 76.2085
155.772667 63.612 63.2888
156.901460 62.994 49.1823
158.038432 61.844 35.0688
159.183644 60.218 22.1571
160.337154 58.355 10.2172
161.499023 56.771 -5.4103
162.669312 56.082 -33.0789
163.848081 56.493 -75.5135
165.035392 57.541 -117.9631
166.231306 58.650 -148.9211
167.435887 59.603 -169.8148
168.649196 60.404 175.7905
169.871298 61.007 164.4108
171.102255 61.317 154.9396
172.342133 61.398 148.7666
173.590995 61.482 146.2585
174.848907 61.734 145.4435
176.115934 62.205 145.5541
177.392143 62.977 146.8462
178.677599 64.058 147.4755
179.972371 65.240 144.9762
181.276525 66.284 139.4198
182.590129 67.113 132.6594
183.913252 67.779 125.6697
185.245964 68.270 117.4824
186.588332 68.434 107.4513
187.940428 68.109 96.9924
189.302322 67.288 89.1324
190.674085 66.226 87.0663
192.055788 65.424 90.8059
193.447503 65.190 94.6993
194.849303 65.318 95.6862
196.261262 65.567 95.9048
197.683452 65.972 96.9600
199.115948 66.637 98.0526
200.558824 67.506 96.9784
202.012156 68.365 92.6022
203.476019 69.020 85.5265
204.950490 69.336 76.5060
206.435646 69.205 66.4990
207.931564 68.587 57.6445
209.438322 67.639 53.1824
210.955998 66.770 53.9255
212.484672 66.266 54.9473
214.024424 65.931 53.1122
215.575333 65.500 51.1406
217.137481 65.120 53.3939
218.710948 65.249 59.2992
220.295818 65.953 62.1814
221.892172 66.777 59.1658
223.500094 67.305 52.0172
225.119668 67.395 43.8958
226.750978 67.143 37.3074
228.394109 66.726 32.3792
230.049147 66.259 28.4385
231.716178 65.798 25.1979
233.395289 65.326 21.6068
235.086567 64.746 17.6337
236.790102 64.062 15.4446
238.505980 63.504 16.3124
240.234293 63.329 17.8593
241.975130 63.462 16.0332
243.728581 63.535 9.5784
245.494739 63.159 -0.7871
247.273695 62.048 -11.6420
249.065542 60.199 -16.3574
250.870374 57.993 -12.8961
252.688284 55.848 -7.1687
254.519367 54.008 4.7126
256.363720 53.042 26.0656
258.221437 53.346 41.8436
260.092616 54.746 54.1508
261.977354 57.139 68.9884
263.875750 59.918 76.5358
265.787903 62.206 69.3113
267.713911 63.463 52.4296
269.653877 63.477 33.3511
271.607900 62.387 20.9614
273.576083 60.974 22.6107
275.558528 60.638 34.2783
277.555338 61.934 42.6530
279.566619 63.909 40.9786
281.592474 65.673 30.0906
283.633009 66.759 11.9321
285.688331 66.881 -10.6501
287.758546 65.925 -32.9165
289.843763 63.987 -50.2531
291.944090 61.307 -61.0496
294.059638 58.117 -63.8577
296.190515 54.818 -50.3661
298.336833 52.626 -28.4244
300.498705 52.914 -7.8269
302.676243 54.955 7.1720
304.869559 57.004 3.0734
307.078770 58.361 -9.9784
309.303989 59.338 -21.4454
311.545334 60.534 -29.7656
313.802919 61.835 -43.6626
316.076865 62.577 -65.9609
318.367288 62.395 -91.3625
320.674309 61.243 -115.4194
322.998047 59.267 -132.1711
325.338624 57.461 -126.0779
327.696162 57.839 -108.2451
330.070783 59.601 -116.0583
332.462612 60.884 -136.1183
334.871773 61.270 -157.4530
337.298392 61.035 -174.3230
339.742595 60.649 173.4199
342.204510 60.266 161.7018
344.684265 59.776 151.5710
347.181989 59.257 144.4243
349.697813 58.800 138.2645
352.231868 58.515 134.8076
354.784285 58.652 133.3953
357.355198 59.285 131.4810
359.944741 60.113 124.8510
362.553049 60.773 114.3660
365.180258 61.203 102.9607
367.826505 61.431 90.0682
370.491927 61.410 75.5989
373.176665 61.164 60.4841
375.880856 60.752 44.0192
378.604644 60.209 25.9653
381.348169 59.655 6.4448
384.111575 59.234 -16.1433
386.895006 58.959 -41.9579
389.698607 58.884 -68.5103
392.522524 59.193 -92.7485
395.366904 59.875 -115.5181
398.231895 60.348 -140.5029
401.117648 60.050 -164.6729
404.024312 59.029 179.7861
406.952038 58.096 177.9009
409.900981 57.987 176.0010
412.871292 58.265 168.8762
415.863128 58.293 159.3372
418.876643 57.822 150.8135
421.911996 57.037 147.2324
424.969344 56.577 150.8298
428.048847 57.264 164.8582
431.150666 58.783 169.1616
434.274961 60.027 160.4194
437.421897 60.575 148.5229
440.591636 60.519 139.2761
443.784345 60.313 135.5037
447.000189 60.130 129.9116
450.239337 59.854 125.4197
453.501956 60.023 129.2769
456.788219 60.936 129.8516
460.098294 61.782 119.2827
463.432356 61.844 102.7922
466.790578 61.017 89.2451
470.173135 60.357 99.6111
473.580203 61.253 112.3083
477.011961 62.554 97.9565
480.468586 63.150 75.5979
483.950259 63.074 51.7375
487.457163 62.562 23.9106
490.989478 61.557 -12.2688
494.547390 60.192 -60.3445
498.131084 59.195 -123.6455
501.740748 59.207 -179.7688
505.376568 59.829 138.1431
509.038735 60.139 101.7991
512.727439 60.130 71.8804
516.442874 60.641 48.1340
520.185232 61.663 19.0371
523.954708 62.238 -17.4485
527.751500 61.988 -54.1160
531.575805 60.918 -85.6680
535.427822 59.344 -106.8792
539.307753 57.993 -121.1270
543.215800 57.857 -119.7788
547.152165 59.717 -102.0532
551.117055 61.926 -114.5657
555.110677 63.205 -139.5098
559.133237 63.454 -166.3870
563.184947 62.637 165.2341
567.266018 60.543 138.6790
571.376661 57.398 131.4214
575.517092 55.088 -129.8406
579.687526 55.696 -130.6499
583.888181 57.299 -141.6572
588.119275 58.087 -159.6978
592.381030 57.447 -179.1719
596.673667 55.609 172.4619
600.997410 54.555 -167.5974
605.352485 56.640 -103.2939
609.739119 59.704 -100.2273
614.157540 62.103 -115.2468
618.607979 63.661 -132.2493
623.090667 64.336 -149.8694
627.605839 64.483 -162.7405
632.153730 64.478 -174.5364
636.734576 64.234 173.0667
641.348617 63.967 165.6155
645.996094 64.243 159.7812
650.677248 64.726 143.9036
655.392323 64.649 119.3845
660.141566 63.602 88.7332
664.925224 61.415 52.3245
669.743546 58.220 1.3262
674.596784 54.892 -84.0857
679.485191 52.499 -132.9001
684.409020 51.039 -148.3259
689.368530 51.400 -137.2646
694.363979 54.056 -120.0010
699.395626 57.123 -115.9097
704.463736 59.148 -135.2532
709.568570 59.544 -163.9563
714.710396 58.154 168.3638
719.889483 55.480 152.4753
725.106099 53.727 -99.4033
730.360516 55.206 -92.2812
735.653010 57.902 -101.3745
740.983855 60.273 -114.8572
746.353329 61.821 -134.1521
751.761713 62.087 -158.9060
757.209288 60.956 179.6460
762.696339 58.904 163.2639
768.223151 56.452 149.6509
773.790013 54.835 129.5027
779.397214 55.460 70.6382
785.045047 57.661 0.9072
790.733808 59.711 -36.5732
796.463791 60.590 -65.1135
802.235296 61.198 -76.8557
808.048623 62.911 -79.7734
813.904077 65.021 -91.5696
819.801961 66.396 -113.3757
825.742584 66.652 -139.2415
831.726255 65.959 -164.1060
837.753287 64.792 169.7808
843.823992 63.153 131.8660
849.938689 60.910 60.4341
856.097695 59.664 -26.3738
862.301332 61.153 -53.2585
868.549922 63.208 -74.2090
874.843793 64.062 -98.7417
881.183272 63.753 -118.2974
887.568689 62.857 -131.8059
894.000378 61.791 -139.0845
900.478673 61.400 -136.6252
907.003913 62.333 -130.2217
913.576437 63.470 -142.2317
920.196588 63.765 -164.7559
926.864712 63.119 168.8044
933.581156 61.529 138.7810
940.346270 59.420 102.3682
947.160407 57.798 30.0117
954.023921 57.479 -128.0410
960.937172 58.213 -10.6523
967.900519 58.915 -60.2256
974.914325 58.598 -104.9053
981.978956 57.297 -122.6445
989.094780 56.340 -20.5879
996.262169 56.331 -40.9990
1003.481495 56.782 -53.8232
1010.753136 57.488 -62.1152
1018.077470 58.058 -69.3325
1025.454879 58.855 -47.1465
1032.885748 60.448 -43.2173
1040.370463 61.787 -60.8535
1047.909417 61.787 -85.2891
1055.503000 60.292 -103.1470
1063.151610 58.803 -90.9229
1070.855645 59.859 -38.4331
1078.615506 62.240 -43.1270
1086.431599 64.128 -61.5498
1094.304330 64.766 -87.4473
1102.234110 64.050 -113.4873
1110.221353 62.332 -135.6836
1118.266475 60.569 -135.0811
1126.369895 60.436 -96.1738
1134.532035 60.425 -118.3066
1142.753322 58.833 -148.1694
1151.034184 56.422 177.5044
1159.375052 54.959 61.9312
1167.776361 55.644 2.2964
1176.238550 56.998 -30.9995
1184.762060 57.603 -66.2461
1193.347334 57.482 -113.9536
1201.994821 57.220 133.7393
1210.704971 57.718 59.2725
1219.478238 58.920 31.1313
1228.315080 60.425 13.0981
1237.215957 61.290 -9.1099
1246.181334 60.922 -29.5952
1255.211678 59.722 -38.3228
1264.307459 58.829 -41.5640
1273.469152 58.639 -45.1133
1282.697235 58.497 -60.7803
1291.992188 57.523 -85.7466
1301.354495 55.399 -95.0781
1310.784647 53.115 3.7798
1320.283132 53.025 16.6406
1329.850448 55.499 26.6792
1339.487093 57.700 16.7373
1349.193569 58.611 -3.0796
1358.970381 59.232 -17.1748
1368.818041 60.502 -32.7139
1378.737061 61.580 -64.7236
1388.727958 61.617 -110.7588
1398.791253 60.709 -163.9609
1408.927471 59.862 149.6694
1419.137140 60.169 119.0957
1429.420793 61.336 92.9961
1439.778965 62.038 65.2217
1450.212197 61.509 37.9414
1460.721033 59.786 21.3228
1471.306019 58.068 33.4160
1481.967709 57.725 35.5181
1492.706658 57.757 20.8389
1503.523426 57.116 -0.8643
1514.418576 55.337 -20.3374
1525.392678 53.803 91.7378
1536.446302 54.232 89.4868
1547.580025 55.461 68.1753
1558.794428 56.376 41.0425
1570.090095 56.504 1.5571
1581.467615 56.341 -78.7637
1592.927581 56.674 -162.4438
1604.470591 57.286 161.7783
1616.097246 57.938 139.3174
1627.808153 58.802 129.7588
1639.603922 60.172 134.0210
1651.485168 60.633 119.3086
1663.452510 59.744 115.3047
1675.506573 59.806 139.5269
1687.647984 61.310 135.0107
1699.877377 62.429 117.9253
1712.195390 62.689 97.1982
1724.602663 61.982 74.9102
1737.099845 60.939 62.0898
1749.687587 60.715 37.7305
1762.366544 61.200 -37.9175
1775.137379 62.427 -101.5459
1788.000756 64.229 -133.1592
1800.957346 65.021 -163.0444
1814.007826 64.565 175.4624
1827.152874 63.809 162.1147
1840.393177 62.863 152.4863
1853.729425 61.892 167.6777
1867.162312 62.245 -178.1865
1880.692540 63.439 -179.4541
1894.320813 64.386 172.2539
1908.047843 64.540 159.4014
1921.874344 63.674 147.6030
1935.801038 62.128 144.6611
1949.828650 60.912 158.6997
1963.957912 60.863 168.0312
1978.189561 61.702 -177.1050
1992.524338 62.758 -150.5171
2006.962991 63.129 -155.9170
2021.506272 62.935 -160.4639
2036.154940 62.945 -158.3555
2050.909758 63.533 -155.5254
2065.771495 64.378 -155.9102
2080.740927 65.223 -157.2866
2095.818833 65.900 -161.4629
2111.006001 66.185 -167.6533
2126.303220 65.932 -177.1279
2141.711290 64.641 178.0669
2157.231013 63.230 -168.1040
2172.863198 62.831 -161.8110
2188.608660 62.988 -157.1772
2204.468221 63.965 -147.3096
2220.442706 65.101 -149.0781
2236.532950 65.913 -132.8677
2252.739789 66.668 -125.1074
2269.064070 67.296 -121.7808
2285.506644 67.478 -131.7998
2302.068367 67.363 -139.2900
2318.750104 67.199 -145.3696
2335.552723 67.095 -134.4453
2352.477101 67.236 -139.2539
2369.524119 67.332 -154.4639
2386.694668 66.625 -162.6211
2403.989641 65.564 -116.0454
2421.409941 65.701 -57.8584
2438.956476 66.675 -76.9634
2456.630160 67.145 -101.2554
2474.431915 66.301 -122.0059
2492.362668 64.730 -124.4937
2510.423356 63.715 -82.9502
2528.614918 63.317 -85.2778
2546.938304 62.767 -98.6187
2565.394469 61.648 -101.4185
2583.984375 60.677 -76.5488
2602.708991 60.790 -69.5596
2621.569293 61.086 -74.9092
2640.566265 60.853 -79.2466
2659.700897 60.127 -59.3486
2678.974186 60.102 -25.3311
2698.387137 61.935 1.0479
2717.940763 64.088 -3.0410
2737.636082 64.804 -26.6963
2757.474121 64.095 -40.8945
2777.455915 62.819 -21.9854
2797.582506 61.773 -27.9160
2817.854942 60.556 -48.6333
2838.274281 59.784 -69.7310
2858.841586 61.309 88.6265
2879.557931 63.589 68.5137
2900.424394 64.821 47.0879
2921.442065 64.386 26.1895
2942.612039 62.653 15.5142
2963.935418 60.848 28.7046
2985.413316 60.634 42.0928
3007.046852 61.273 42.0200
3028.837153 61.617 44.3843
3050.785356 61.680 68.7632
3072.892604 61.962 89.4663
3095.160050 62.410 102.6826
3117.588856 62.453 102.4121
3140.180190 61.698 110.0513
3162.935230 61.108 115.5576
3185.855163 61.085 107.0215
3208.941182 60.958 103.6694
3232.194493 60.247 129.4546
3255.616307 59.649 143.0918
3279.207844 59.702 177.3823
3302.970336 60.229 178.0215
3326.905021 60.918 -175.3003
3351.013146 61.670 -170.3101
3375.295969 61.483 175.2837
3399.754755 60.124 165.9531
3424.390779 59.298 -159.8745
3449.205326 60.137 -136.0757
3474.199690 60.805 -116.8936
3499.375173 61.427 -102.0034
3524.733088 61.988 -109.1836
3550.274757 62.498 -109.6299
3576.001511 63.074 -110.9199
3601.914692 62.857 -110.9854
3628.015651 62.342 -99.8809
3654.305748 62.564 -77.6802
3680.786354 64.103 -44.1772
3707.458849 65.365 -50.4141
3734.324624 65.258 -60.6562
3761.385080 64.792 -58.5054
3788.641627 64.645 -55.1865
3816.095686 64.451 -57.8843
3843.748688 63.374 -60.2065
3871.602076 62.013 -38.5010
3899.657300 62.017 -14.9287
3927.915825 62.971 -4.2939
3956.379122 64.455 4.4805
3985.048676 65.966 3.4258
4013.925981 66.289 -7.5259
4043.012544 64.934 -10.6602
4072.309879 63.104 6.2129
4101.819515 62.331 21.7837
4131.542990 62.862 40.9473
4161.481854 63.902 47.0371
4191.637667 64.195 41.2705
4222.012001 63.479 36.3599
4252.606441 62.422 47.0298
4283.422580 62.132 69.3491
4314.462026 62.102 82.5151
4345.726396 62.621 96.6460
4377.217321 63.451 97.3838
4408.936442 63.607 99.6787
4440.885413 62.841 100.9360
4473.065899 61.810 118.5210
4505.479579 61.645 141.3022
4538.128141 61.937 149.2407
4571.013288 62.073 151.9551
4604.136735 61.576 153.1260
4637.500207 61.001 155.1099
4671.105446 60.625 169.0083
4704.954201 60.504 -156.6133
4739.048239 59.943 -146.6030
4773.389336 59.247 -131.2871
4807.979283 59.058 -126.0312
4842.819883 58.544 -120.2026
4877.912952 58.127 -97.4155
4913.260320 58.247 -81.9058
4948.863830 58.087 -77.2686
4984.725337 57.773 -64.7129
5020.846712 57.961 -48.0327
5057.229836 58.540 -35.2642
5093.876609 58.605 -35.6406
5130.788938 58.058 -20.5400
5167.968750 57.959 8.4434
5205.417982 58.092 16.4995
5243.138586 58.189 41.2266
5281.132530 58.703 57.4844
5319.401793 59.093 60.8813
5357.948371 59.395 73.7222
5396.774274 59.492 87.3643
5435.881525 59.365 99.4033
5475.272163 59.752 114.7402
5514.948243 60.343 121.8311
5554.911831 60.570 131.1597
5595.165012 60.843 150.9155
5635.709884 61.165 163.1245
5676.548561 61.328 174.1362
5717.683172 61.454 -173.5361
5759.115861 61.938 -156.5181
5800.848789 62.814 -145.3301
5842.884130 63.038 -142.0718
5885.224077 62.924 -130.2778
5927.870837 62.913 -120.9326
5970.826633 63.073 -106.0391
6014.093704 63.323 -100.2114
6057.674306 63.024 -94.8394
6101.570711 62.517 -81.2383
6145.785208 61.906 -70.4717
6190.320101 61.378 -55.8325
6235.177712 61.192 -41.3145
6280.360380 61.180 -30.8613
6325.870460 60.643 -24.6299
6371.710325 59.854 -5.5190
6417.882365 59.686 14.2700
6464.388986 59.439 22.6084
6511.232613 58.734 32.6724
6558.415689 58.392 57.6665
6605.940673 58.757 94.9888
6653.810042 59.050 99.4600
6702.026292 58.432 102.7041
6750.591937 57.316 126.0884
6799.509509 56.761 151.7690
6848.781558 56.414 167.6816
6898.410653 56.438 -176.2417
6948.399380 57.248 -132.9912
6998.750346 58.279 -101.0801
7049.466176 58.638 -94.8154
7100.549514 58.553 -79.0566
7152.003023 59.063 -48.8740
7203.829385 60.380 -30.9956
7256.031302 61.078 -28.3052
7308.611496 60.900 -20.6914
7361.572708 61.021 2.8711
7414.917698 62.016 26.7563
7468.649249 62.661 34.5244
7522.770160 62.442 42.4580
7577.283253 62.262 60.4709
7632.191371 62.574 76.8181
7687.497376 62.768 88.7808
7743.204151 62.734 100.9670
7799.314600 62.599 117.8108
7855.831649 62.472 135.0493
7912.758244 62.219 148.7913
7970.097352 61.914 164.1479
8027.851962 61.902 -177.7805
8086.025087 62.141 -164.0190
8144.619758 61.775 -156.9275
8203.639030 60.616 -142.3083
8263.085980 59.606 -118.2166
8322.963708 59.016 -101.4143
8383.275334 58.036 -87.6963
8444.024002 57.116 -50.3064
8505.212881 57.038 -18.4133
8566.845160 56.906 -5.8396
8628.924051 56.465 24.6318
8691.452792 56.598 59.6001
8754.434642 56.891 77.7310
8817.872884 57.169 103.2676
8881.770826 57.682 133.0005
8946.131799 57.866 149.5803
9010.959157 57.761 177.2029
9076.256282 58.494 -145.5020
9142.026576 59.544 -127.6279
9208.273470 60.307 -109.8359
9275.000415 61.046 -87.4873
9342.210891 61.663 -71.4243
9409.908403 61.856 -56.8042
9478.096478 61.974 -34.8440
9546.778672 62.318 -15.5073
9615.958566 62.408 0.6663
9685.639765 62.347 20.0583
9755.825904 62.335 39.2656
9826.520640 62.085 57.0005
9897.727659 61.876 82.5081
9969.450674 61.962 105.3689
10041.693423 61.769 123.3228
10114.459673 61.408 147.8545
10187.753217 61.355 170.4187
10261.577877 61.050 -173.1665
10335.937500 60.259 -151.9583
10410.835964 59.435 -126.6443
10486.277173 58.753 -99.9253
10562.265060 58.531 -65.2214
10638.803587 58.684 -36.4668
10715.896743 58.778 -10.1074
10793.548548 58.943 16.3108
10871.763050 58.827 38.6960
10950.544327 58.661 71.2183
11029.896485 58.918 102.4302
11109.823662 59.225 126.8899
11190.330024 59.633 157.2922
11271.419768 59.955 -178.4741
11353.097122 60.088 -150.3374
11435.366344 60.554 -121.9253
11518.231722 61.065 -96.7043
11601.697577 61.548 -71.8391
11685.768261 61.690 -51.5427
11770.448155 61.623 -26.3281
11855.741674 61.695 -0.8616
11941.653265 61.551 22.1772
12028.187408 61.346 49.2976
12115.348612 61.236 75.0754
12203.141422 60.902 99.1008
12291.570415 60.292 123.4785
12380.640201 59.403 149.1309
12470.355424 58.380 -179.0510
12560.720760 57.634 -141.9871
12651.740920 57.447 -101.8188
12743.420650 57.718 -67.5894
12835.764729 58.162 -32.1848
12928.777972 58.761 1.2666
13022.465227 59.229 30.4565
13116.831378 59.723 59.9958
13211.881345 60.145 87.8826
13307.620084 60.465 116.6367
13404.052584 60.666 143.9968
13501.183875 60.732 171.4155
13599.019019 60.590 -161.3350
13697.563116 60.408 -130.5627
13796.821305 60.216 -103.6912
13896.798760 59.668 -77.1384
13997.500692 58.834 -47.4850
14098.932352 57.969 -11.4260
14201.099028 57.361 24.5100
14304.006046 56.752 58.2054
14407.658770 55.887 93.9313
14512.062604 55.121 133.2903
14617.222992 54.568 171.4100
14723.145416 54.294 -147.2339
14829.835397 54.562 -103.0962
14937.298497 55.356 -61.3564
15045.540320 56.338 -24.0011
15154.566507 57.253 9.4852
15264.382743 57.933 40.8761
15374.994752 58.344 71.0710
15486.408302 58.497 101.2474
15598.629201 58.388 131.3409
15711.663298 57.995 162.3605
15825.516487 57.427 -164.6653
15940.194703 56.832 -130.3533
16055.703925 56.136 -96.5623
16172.050174 55.219 -60.7860
16289.239516 54.313 -19.6803
16407.278061 53.723 23.1832
16526.171961 53.373 64.1638
16645.927415 53.029 104.5190
16766.550667 52.793 147.5453
16888.048005 52.925 -166.7534
17010.425762 53.481 -123.7861
17133.690320 54.119 -85.2388
17257.848103 54.491 -48.8334
17382.905584 54.581 -12.3881
17508.869284 54.451 24.3497
17635.745768 54.141 60.9290
17763.541652 53.670 99.0637
17892.263597 53.111 137.7997
18021.918315 52.392 175.9321
18152.512564 51.474 -143.4012
18284.053153 50.396 -99.8995
18416.546939 49.247 -50.6816
18550.000830 48.376 -0.1065
18684.421783 47.838 47.0706
18819.816805 47.447 94.4559
18956.192956 47.257 141.4779
19093.557344 47.116 -174.6731
19231.917131 46.791 -133.3077
19371.279531 45.948 -92.4717
19511.651807 44.666 -50.7644
19653.041280 43.156 -6.0405
19795.455318 41.644 40.2264
19938.901348 40.253 88.5550
