RT60 data saved by REW V5.31.1
Source: Scarlett 2i4 USB, MICROPHONE, R, volume: no control. Timing signal peak level -35.9 dBFS, measurement signal peak level -25.5 dBFS
Dated: Apr 24, 2024 6:22:55 PM
Measurement: qrd-2nd-p1-c
Sweep level: -18.0 dBFS
Response measured over: 10.1 to 20,000.0 Hz
Peak value: 0.0065308325 at index 44100
Response length: 131072 samples
Sample interval: 2.2675736961451248E-5 seconds
Start time: -1.0008859716568022 seconds

Format is freq (Hz), BW (octaves), EDT (s), r, T20 (s), r, T30 (s), r, Topt (s), r, ToptStart (dB), ToptEnd (dB), T60M (s), reverse/forward/zero phase filtered, C50 (dB), C80 (dB), D50 (%), TS (s)

50 1/3 0.672 -0.957 0.528 -0.997 0.501 -0.998 0.502 -0.999 -5.000 -40.000 0.000 Forward 9.34 16.67 89.6 0.075
63 1/3 0.863 -0.896 0.469 -0.953 0.386 -0.956 0.299 -0.987 -5.000 -57.000 0.000 Forward 1.46 9.83 58.3 0.087
80 1/3 0.873 -0.861 0.631 -0.955 0.564 -0.970 0.540 -0.986 -5.000 -40.000 0.000 Forward 0.12 11.55 50.7 0.087
100 1/3 0.506 -0.957 0.529 -0.994 0.618 -0.992 0.607 -0.996 -5.000 -48.000 0.000 Forward 7.08 12.74 83.6 0.060
125 1/3 0.655 -0.989 0.457 -0.996 0.521 -0.995 0.468 -0.997 -5.000 -28.000 0.000 Forward 5.83 9.47 79.3 0.054
160 1/3 0.386 -0.961 0.403 -0.982 0.438 -0.992 0.469 -0.998 -5.000 -60.000 0.000 Forward 8.08 15.87 86.5 0.040
200 1/3 0.205 -0.921 0.407 -0.976 0.366 -0.990 0.354 -0.996 -5.000 -53.000 0.000 Forward 12.03 19.19 94.1 0.027
250 1/3 0.250 -0.987 0.416 -0.988 0.409 -0.995 0.473 -0.997 -5.000 -60.000 0.000 Forward 9.81 15.58 90.5 0.027
315 1/3 0.430 -0.986 0.335 -0.993 0.369 -0.996 0.369 -0.996 -5.000 -35.000 0.000 Forward 7.54 14.06 85.0 0.036
400 1/3 0.227 -0.964 0.397 -0.983 0.454 -0.992 0.447 -0.992 -5.000 -34.000 0.000 Forward 12.61 17.56 94.8 0.024
500 1/3 0.316 -0.975 0.360 -0.985 0.363 -0.993 0.363 -0.993 -5.000 -35.000 0.000 Forward 9.87 15.38 90.7 0.031
630 1/3 0.270 -0.983 0.346 -0.983 0.368 -0.991 0.362 -0.992 -5.000 -34.000 0.000 Forward 12.76 17.03 95.0 0.022
800 1/3 0.207 -0.978 0.379 -0.991 0.382 -0.995 0.391 -0.995 -5.000 -37.000 0.000 Forward 11.01 15.26 92.7 0.022
1000 1/3 0.317 -0.994 0.368 -0.996 0.394 -0.997 0.399 -0.998 -5.000 -38.000 0.000 Forward 8.80 14.93 88.3 0.025
1250 1/3 0.314 -0.985 0.380 -0.995 0.376 -0.998 0.380 -0.998 -5.000 -37.000 0.000 Forward 9.38 15.00 89.7 0.023
1600 1/3 0.266 -0.988 0.416 -0.994 0.414 -0.998 0.417 -0.999 -5.000 -46.000 0.000 Forward 11.02 15.85 92.7 0.019
2000 1/3 0.359 -0.911 0.382 -0.995 0.396 -0.998 0.404 -0.998 -5.000 -40.000 0.000 Forward 11.53 16.43 93.4 0.015
2500 1/3 0.345 -0.890 0.344 -0.990 0.400 -0.993 0.479 -0.996 -5.000 -60.000 0.000 Forward 12.55 17.94 94.7 0.020
3150 1/3 0.321 -0.919 0.381 -0.992 0.396 -0.998 0.438 -0.999 -5.000 -60.000 0.000 Forward 11.65 16.71 93.6 0.022
4000 1/3 0.290 -0.955 0.317 -0.996 0.350 -0.997 0.293 -0.998 -5.000 -21.000 0.000 Forward 13.57 19.59 95.8 0.010
5000 1/3 0.385 -0.973 0.339 -0.996 0.368 -0.997 0.374 -0.998 -5.000 -41.000 0.000 Forward 11.02 17.80 92.7 0.014
6300 1/3 0.430 -0.920 0.341 -0.997 0.340 -0.999 0.353 -0.999 -5.000 -45.000 0.000 Forward 12.13 17.99 94.2 0.011
8000 1/3 0.324 -0.845 0.320 -0.994 0.336 -0.998 0.340 -0.998 -5.000 -40.000 0.000 Forward 14.61 21.05 96.7 0.007
10000 1/3 0.173 -0.762 0.311 -0.990 0.303 -0.997 0.317 -0.998 -5.000 -45.000 0.000 Forward 15.63 22.79 97.3 0.005

full 1/3 0.391 -0.973 0.326 -0.997 0.357 -0.997 0.341 -0.998 -5.000 -30.000 0.000 Forward 13.30 19.18 95.5 0.010

