RT60 data saved by REW V5.31.1
Source: Scarlett 2i4 USB, MICROPHONE, R, volume: no control. Timing signal peak level -36.6 dBFS, measurement signal peak level -30.9 dBFS
Dated: Apr 24, 2024 6:06:43 PM
Measurement: empty-p1-r
Sweep level: -18.0 dBFS
Response measured over: 10.1 to 20,000.0 Hz
Peak value: 0.0024665366 at index 44100
Response length: 131072 samples
Sample interval: 2.2675736961451248E-5 seconds
Start time: -0.9999910255822885 seconds

Format is freq (Hz), BW (octaves), EDT (s), r, T20 (s), r, T30 (s), r, Topt (s), r, ToptStart (dB), ToptEnd (dB), T60M (s), reverse/forward/zero phase filtered, C50 (dB), C80 (dB), D50 (%), TS (s)

50 1/3 1.184 -0.960 0.645 -0.992 0.612 -0.996 0.569 -0.997 -5.000 -60.000 0.000 Forward -1.27 4.19 42.7 0.131
63 1/3 0.804 -0.962 0.634 -0.993 0.588 -0.996 0.567 -0.997 -5.000 -45.000 0.000 Forward 5.17 7.36 76.7 0.092
80 1/3 0.805 -0.977 0.446 -0.969 0.506 -0.983 0.546 -0.994 -5.000 -55.000 0.000 Forward 4.38 5.46 73.3 0.078
100 1/3 0.817 -0.987 0.561 -0.994 0.572 -0.996 0.597 -0.998 -5.000 -60.000 0.000 Forward 4.64 6.91 74.4 0.071
125 1/3 0.410 -0.957 0.311 -0.942 0.298 -0.982 0.365 -0.990 -5.000 -59.000 0.000 Forward 16.23 20.29 97.7 0.040
160 1/3 0.400 -0.977 0.302 -0.974 0.321 -0.991 0.340 -0.995 -5.000 -44.000 0.000 Forward 8.32 17.72 87.2 0.040
200 1/3 0.437 -0.952 0.311 -0.966 0.464 -0.961 0.468 -0.991 -5.000 -60.000 0.000 Forward 10.32 17.42 91.5 0.036
250 1/3 0.311 -0.957 0.366 -0.985 0.366 -0.994 0.372 -0.995 -5.000 -37.000 0.000 Forward 12.47 13.89 94.6 0.027
315 1/3 0.203 -0.983 0.393 -0.925 0.323 -0.976 0.399 -0.991 -5.000 -60.000 0.000 Forward 11.16 12.26 92.9 0.025
400 1/3 0.191 -0.958 0.418 -0.984 0.448 -0.994 0.497 -0.997 -11.000 -46.000 0.000 Forward 13.29 16.95 95.5 0.023
500 1/3 0.327 -0.958 0.317 -0.991 0.432 -0.979 0.331 -0.993 -5.000 -28.000 0.000 Forward 11.62 15.53 93.6 0.033
630 1/3 0.390 -0.913 0.411 -0.991 0.516 -0.989 0.529 -0.993 -5.000 -40.000 0.000 Forward 7.35 12.32 84.4 0.042
800 1/3 0.355 -0.986 0.397 -0.992 0.426 -0.995 0.411 -0.997 -5.000 -34.000 0.000 Forward 8.29 14.25 87.1 0.029
1000 1/3 0.294 -0.992 0.427 -0.994 0.441 -0.995 0.473 -0.997 -5.000 -54.000 0.000 Forward 10.18 14.02 91.2 0.023
1250 1/3 0.308 -0.992 0.353 -0.984 0.459 -0.984 0.275 -0.997 -5.000 -20.000 0.000 Forward 10.61 17.31 92.0 0.022
1600 1/3 0.329 -0.976 0.401 -0.993 0.446 -0.995 0.469 -0.998 -5.000 -54.000 0.000 Forward 9.79 15.73 90.5 0.019
2000 1/3 0.337 -0.991 0.430 -0.995 0.441 -0.998 0.454 -0.999 -5.000 -41.000 0.000 Forward 9.23 12.65 89.3 0.026
2500 1/3 0.344 -0.972 0.440 -0.990 0.428 -0.996 0.480 -0.997 -5.000 -51.000 0.000 Forward 11.41 14.11 93.3 0.021
3150 1/3 0.308 -0.983 0.465 -0.994 0.453 -0.998 0.457 -0.999 -5.000 -45.000 0.000 Forward 11.40 14.86 93.2 0.018
4000 1/3 0.311 -0.974 0.435 -0.997 0.440 -0.999 0.448 -0.999 -5.000 -40.000 0.000 Forward 11.47 14.88 93.3 0.013
5000 1/3 0.390 -0.942 0.428 -0.998 0.442 -0.999 0.450 -0.999 -5.000 -42.000 0.000 Forward 10.75 15.14 92.2 0.015
6300 1/3 0.426 -0.966 0.403 -0.999 0.412 -0.999 0.410 -0.999 -5.000 -34.000 0.000 Forward 10.25 14.89 91.4 0.014
8000 1/3 0.363 -0.948 0.389 -0.998 0.400 -0.999 0.401 -0.999 -5.000 -40.000 0.000 Forward 11.15 16.16 92.9 0.012
10000 1/3 0.313 -0.936 0.335 -0.996 0.350 -0.998 0.379 -0.998 -5.000 -54.000 0.000 Forward 11.96 18.22 94.0 0.012

full 1/3 0.345 -0.989 0.395 -0.999 0.421 -0.999 0.403 -0.999 -5.000 -29.000 0.000 Forward 11.07 15.43 92.8 0.015

