RT60 data saved by REW V5.31.1
Source: Scarlett 2i4 USB, MICROPHONE, R, volume: no control. Timing signal peak level -37.2 dBFS, measurement signal peak level -31.4 dBFS
Dated: Apr 24, 2024 6:10:43 PM
Measurement: qrd-fr-p1-r-dup
Sweep level: -18.0 dBFS
Response measured over: 10.1 to 20,000.0 Hz
Peak value: 0.0024734843 at index 44100
Response length: 131072 samples
Sample interval: 2.2675736961451248E-5 seconds
Start time: -0.9999903666034796 seconds

Format is freq (Hz), BW (octaves), EDT (s), r, T20 (s), r, T30 (s), r, Topt (s), r, ToptStart (dB), ToptEnd (dB), T60M (s), reverse/forward/zero phase filtered, C50 (dB), C80 (dB), D50 (%), TS (s)

50 1/3 1.140 -0.955 0.604 -0.992 0.557 -0.995 0.534 -0.996 -5.000 -44.000 0.000 Forward -1.12 4.56 43.6 0.128
63 1/3 0.743 -0.956 0.616 -0.990 0.551 -0.993 0.504 -0.996 -5.000 -58.000 0.000 Forward 5.70 8.18 78.8 0.090
80 1/3 0.748 -0.975 0.453 -0.971 0.502 -0.984 0.542 -0.991 -5.000 -54.000 0.000 Forward 4.57 6.13 74.1 0.077
100 1/3 0.813 -0.988 0.546 -0.996 0.523 -0.998 0.523 -0.998 -5.000 -35.000 0.000 Forward 4.50 6.97 73.8 0.072
125 1/3 0.416 -0.947 0.317 -0.940 0.300 -0.973 0.339 -0.989 -5.000 -47.000 0.000 Forward 16.71 19.52 97.9 0.041
160 1/3 0.421 -0.982 0.291 -0.985 0.313 -0.993 0.322 -0.995 -5.000 -41.000 0.000 Forward 7.49 16.65 84.9 0.041
200 1/3 0.450 -0.959 0.392 -0.970 0.444 -0.986 0.449 -0.995 -5.000 -60.000 0.000 Forward 9.41 16.61 89.7 0.037
250 1/3 0.259 -0.954 0.435 -0.981 0.430 -0.991 0.435 -0.998 -5.000 -55.000 0.000 Forward 13.53 14.55 95.8 0.025
315 1/3 0.194 -0.977 0.409 -0.944 0.337 -0.982 0.391 -0.995 -5.000 -60.000 0.000 Forward 11.13 12.57 92.8 0.025
400 1/3 0.215 -0.967 0.363 -0.988 0.408 -0.993 0.390 -0.994 -5.000 -34.000 0.000 Forward 10.73 15.27 92.2 0.026
500 1/3 0.390 -0.940 0.330 -0.992 0.439 -0.982 0.474 -0.993 -5.000 -49.000 0.000 Forward 9.95 14.83 90.8 0.036
630 1/3 0.394 -0.969 0.386 -0.994 0.396 -0.997 0.396 -0.997 -5.000 -35.000 0.000 Forward 6.14 12.10 80.4 0.042
800 1/3 0.321 -0.969 0.415 -0.989 0.429 -0.995 0.442 -0.996 -5.000 -39.000 0.000 Forward 9.59 15.33 90.1 0.026
1000 1/3 0.259 -0.990 0.445 -0.997 0.469 -0.998 0.480 -0.999 -5.000 -50.000 0.000 Forward 11.22 14.70 93.0 0.021
1250 1/3 0.301 -0.987 0.337 -0.988 0.421 -0.982 0.466 -0.995 -5.000 -54.000 0.000 Forward 11.74 16.40 93.7 0.023
1600 1/3 0.342 -0.967 0.346 -0.994 0.402 -0.994 0.471 -0.997 -5.000 -60.000 0.000 Forward 10.05 16.91 91.0 0.018
2000 1/3 0.332 -0.993 0.415 -0.993 0.427 -0.997 0.431 -0.998 -5.000 -40.000 0.000 Forward 9.56 14.27 90.0 0.025
2500 1/3 0.316 -0.980 0.425 -0.988 0.424 -0.995 0.461 -0.997 -5.000 -48.000 0.000 Forward 11.86 16.11 93.9 0.019
3150 1/3 0.300 -0.988 0.444 -0.992 0.432 -0.997 0.447 -0.999 -5.000 -50.000 0.000 Forward 11.17 15.46 92.9 0.018
4000 1/3 0.351 -0.967 0.430 -0.997 0.422 -0.999 0.430 -0.999 -5.000 -42.000 0.000 Forward 11.53 14.96 93.4 0.014
5000 1/3 0.383 -0.947 0.410 -0.998 0.423 -0.999 0.441 -0.999 -5.000 -48.000 0.000 Forward 10.89 15.25 92.5 0.014
6300 1/3 0.416 -0.968 0.393 -0.998 0.396 -0.999 0.390 -0.999 -5.000 -33.000 0.000 Forward 10.36 15.33 91.6 0.014
8000 1/3 0.351 -0.946 0.384 -0.999 0.395 -0.999 0.398 -1.000 -5.000 -41.000 0.000 Forward 11.91 16.67 93.9 0.011
10000 1/3 0.314 -0.929 0.333 -0.996 0.346 -0.998 0.350 -0.999 -5.000 -40.000 0.000 Forward 12.69 18.37 94.9 0.012

full 1/3 0.338 -0.987 0.385 -0.998 0.408 -0.999 0.403 -0.999 -5.000 -33.000 0.000 Forward 11.44 15.99 93.3 0.015

