RT60 data saved by REW V5.31.1
Source: Scarlett 2i4 USB, MICROPHONE, R, volume: no control. Timing signal peak level -37.7 dBFS, measurement signal peak level -25.2 dBFS
Dated: Apr 24, 2024 6:39:16 PM
Measurement: abs-fr-p1-c
Sweep level: -18.0 dBFS
Response measured over: 10.1 to 20,000.0 Hz
Peak value: 0.0066115465 at index 44100
Response length: 131072 samples
Sample interval: 2.2675736961451248E-5 seconds
Start time: -1.0008859492520925 seconds

Format is freq (Hz), BW (octaves), EDT (s), r, T20 (s), r, T30 (s), r, Topt (s), r, ToptStart (dB), ToptEnd (dB), T60M (s), reverse/forward/zero phase filtered, C50 (dB), C80 (dB), D50 (%), TS (s)

50 1/3 0.660 -0.958 0.554 -0.997 0.501 -0.994 0.549 -0.997 -5.000 -27.000 0.000 Forward 9.68 16.23 90.3 0.075
63 1/3 0.827 -0.891 0.468 -0.944 0.377 -0.971 0.366 -0.987 -5.000 -44.000 0.000 Forward 1.98 10.72 61.2 0.085
80 1/3 0.957 -0.867 0.686 -0.907 0.577 -0.954 0.547 -0.989 -5.000 -56.000 0.000 Forward -0.72 9.28 45.8 0.089
100 1/3 0.474 -0.873 0.645 -0.983 0.476 -0.975 0.510 -0.994 -5.000 -60.000 0.000 Forward 9.88 14.12 90.7 0.057
125 1/3 0.693 -0.987 0.358 -0.988 0.447 -0.986 0.489 -0.993 -5.000 -51.000 0.000 Forward 5.00 9.36 76.0 0.057
160 1/3 0.420 -0.916 0.438 -0.978 0.434 -0.990 0.446 -0.995 -5.000 -42.000 0.000 Forward 10.99 17.13 92.6 0.038
200 1/3 0.214 -0.963 0.350 -0.980 0.354 -0.990 0.321 -0.992 -5.000 -60.000 0.000 Forward 11.84 20.40 93.9 0.028
250 1/3 0.248 -0.972 0.428 -0.985 0.354 -0.988 0.355 -0.994 -5.000 -44.000 0.000 Forward 11.81 16.92 93.8 0.026
315 1/3 0.430 -0.976 0.379 -0.990 0.378 -0.994 0.361 -0.995 -5.000 -33.000 0.000 Forward 7.24 15.13 84.1 0.035
400 1/3 0.229 -0.966 0.368 -0.989 0.370 -0.995 0.380 -0.995 -5.000 -36.000 0.000 Forward 11.35 17.47 93.2 0.024
500 1/3 0.320 -0.983 0.334 -0.980 0.369 -0.986 0.404 -0.993 -5.000 -46.000 0.000 Forward 11.12 16.54 92.8 0.028
630 1/3 0.269 -0.980 0.342 -0.979 0.358 -0.990 0.366 -0.996 -5.000 -44.000 0.000 Forward 13.41 17.45 95.6 0.022
800 1/3 0.197 -0.974 0.367 -0.993 0.385 -0.997 0.376 -0.997 -5.000 -34.000 0.000 Forward 12.41 16.72 94.6 0.021
1000 1/3 0.303 -0.989 0.362 -0.990 0.407 -0.993 0.494 -0.996 -5.000 -60.000 0.000 Forward 8.93 16.22 88.7 0.024
1250 1/3 0.381 -0.969 0.373 -0.992 0.369 -0.998 0.381 -0.998 -5.000 -42.000 0.000 Forward 8.59 13.63 87.9 0.023
1600 1/3 0.295 -0.970 0.374 -0.995 0.393 -0.996 0.402 -0.998 -5.000 -46.000 0.000 Forward 10.22 16.44 91.3 0.019
2000 1/3 0.381 -0.893 0.363 -0.984 0.397 -0.994 0.413 -0.998 -5.000 -48.000 0.000 Forward 13.58 18.17 95.8 0.014
2500 1/3 0.409 -0.915 0.301 -0.988 0.371 -0.991 0.450 -0.996 -5.000 -60.000 0.000 Forward 13.18 19.11 95.4 0.019
3150 1/3 0.333 -0.890 0.318 -0.995 0.343 -0.997 0.328 -0.998 -5.000 -32.000 0.000 Forward 12.03 17.58 94.1 0.021
4000 1/3 0.266 -0.964 0.300 -0.996 0.320 -0.997 0.309 -0.998 -5.000 -32.000 0.000 Forward 14.52 19.80 96.6 0.010
5000 1/3 0.367 -0.966 0.328 -0.998 0.347 -0.998 0.344 -0.999 -5.000 -34.000 0.000 Forward 11.34 18.25 93.2 0.012
6300 1/3 0.405 -0.941 0.323 -0.997 0.326 -0.999 0.329 -0.999 -5.000 -38.000 0.000 Forward 12.88 18.56 95.1 0.011
8000 1/3 0.277 -0.859 0.340 -0.998 0.335 -0.999 0.338 -0.999 -5.000 -46.000 0.000 Forward 14.94 20.58 96.9 0.006
10000 1/3 0.146 -0.752 0.302 -0.990 0.299 -0.997 0.315 -0.999 -7.000 -51.000 0.000 Forward 15.84 23.37 97.5 0.005

full 1/3 0.380 -0.971 0.309 -0.997 0.336 -0.997 0.324 -0.998 -5.000 -31.000 0.000 Forward 13.84 19.75 96.0 0.010

