RT60 data saved by REW V5.31.1
Source: Scarlett 2i4 USB, MICROPHONE, R, volume: no control. Timing signal peak level -36.3 dBFS, measurement signal peak level -30.7 dBFS
Dated: Apr 24, 2024 6:22:27 PM
Measurement: qrd-2nd-p1-r
Sweep level: -18.0 dBFS
Response measured over: 10.1 to 20,000.0 Hz
Peak value: 0.002494149 at index 44100
Response length: 131072 samples
Sample interval: 2.2675736961451248E-5 seconds
Start time: -0.9999907311671046 seconds

Format is freq (Hz), BW (octaves), EDT (s), r, T20 (s), r, T30 (s), r, Topt (s), r, ToptStart (dB), ToptEnd (dB), T60M (s), reverse/forward/zero phase filtered, C50 (dB), C80 (dB), D50 (%), TS (s)

50 1/3 1.251 -0.960 0.646 -0.994 0.621 -0.998 0.614 -0.998 -5.000 -37.000 0.000 Forward -1.95 3.26 39.0 0.137
63 1/3 0.823 -0.964 0.602 -0.990 0.545 -0.993 0.506 -0.997 -5.000 -52.000 0.000 Forward 4.83 6.82 75.3 0.093
80 1/3 0.866 -0.979 0.425 -0.972 0.454 -0.988 0.508 -0.992 -5.000 -52.000 0.000 Forward 3.83 4.61 70.7 0.080
100 1/3 0.798 -0.988 0.512 -0.997 0.550 -0.997 0.516 -0.999 -5.000 -31.000 0.000 Forward 4.22 6.85 72.6 0.072
125 1/3 0.401 -0.946 0.325 -0.945 0.348 -0.975 0.401 -0.988 -5.000 -55.000 0.000 Forward 16.55 19.64 97.8 0.040
160 1/3 0.420 -0.982 0.238 -0.993 0.337 -0.970 0.237 -0.995 -5.000 -27.000 0.000 Forward 7.78 15.68 85.7 0.040
200 1/3 0.414 -0.979 0.414 -0.971 0.430 -0.989 0.426 -0.995 -5.000 -45.000 0.000 Forward 8.94 14.10 88.7 0.036
250 1/3 0.274 -0.960 0.501 -0.992 0.457 -0.995 0.429 -0.997 -5.000 -51.000 0.000 Forward 12.03 13.23 94.1 0.026
315 1/3 0.234 -0.971 0.420 -0.967 0.412 -0.990 0.410 -0.997 -5.000 -55.000 0.000 Forward 10.40 12.38 91.6 0.026
400 1/3 0.207 -0.966 0.406 -0.990 0.425 -0.996 0.467 -0.996 -8.000 -45.000 0.000 Forward 11.16 14.75 92.9 0.025
500 1/3 0.342 -0.965 0.280 -0.985 0.401 -0.975 0.281 -0.989 -5.000 -26.000 0.000 Forward 8.97 13.06 88.8 0.037
630 1/3 0.451 -0.982 0.359 -0.993 0.436 -0.992 0.347 -0.994 -5.000 -24.000 0.000 Forward 5.63 10.40 78.5 0.043
800 1/3 0.324 -0.972 0.379 -0.994 0.417 -0.996 0.421 -0.996 -5.000 -36.000 0.000 Forward 9.50 14.63 89.9 0.027
1000 1/3 0.297 -0.990 0.388 -0.994 0.433 -0.993 0.463 -0.998 -5.000 -55.000 0.000 Forward 9.95 13.63 90.8 0.023
1250 1/3 0.330 -0.992 0.338 -0.993 0.432 -0.987 0.481 -0.997 -5.000 -59.000 0.000 Forward 9.48 16.12 89.9 0.024
1600 1/3 0.331 -0.971 0.384 -0.993 0.451 -0.992 0.485 -0.998 -5.000 -59.000 0.000 Forward 10.24 16.45 91.4 0.018
2000 1/3 0.309 -0.992 0.423 -0.988 0.420 -0.996 0.428 -0.998 -5.000 -43.000 0.000 Forward 10.21 14.46 91.3 0.025
2500 1/3 0.295 -0.978 0.421 -0.989 0.438 -0.996 0.463 -0.998 -5.000 -49.000 0.000 Forward 11.86 15.24 93.9 0.019
3150 1/3 0.287 -0.980 0.432 -0.998 0.430 -0.999 0.434 -1.000 -5.000 -45.000 0.000 Forward 10.16 15.03 91.2 0.017
4000 1/3 0.337 -0.969 0.436 -0.999 0.434 -0.999 0.438 -1.000 -5.000 -44.000 0.000 Forward 10.86 14.84 92.4 0.014
5000 1/3 0.375 -0.931 0.411 -0.998 0.420 -0.999 0.431 -0.999 -5.000 -42.000 0.000 Forward 10.68 16.09 92.1 0.014
6300 1/3 0.375 -0.963 0.407 -0.998 0.407 -0.999 0.411 -1.000 -5.000 -41.000 0.000 Forward 10.56 16.29 91.9 0.014
8000 1/3 0.350 -0.951 0.380 -0.998 0.392 -0.999 0.406 -0.999 -5.000 -54.000 0.000 Forward 11.70 16.47 93.7 0.012
10000 1/3 0.315 -0.938 0.325 -0.996 0.347 -0.998 0.379 -0.999 -5.000 -57.000 0.000 Forward 11.88 17.85 93.9 0.012

full 1/3 0.336 -0.988 0.390 -0.999 0.414 -0.999 0.397 -0.999 -5.000 -29.000 0.000 Forward 11.04 15.64 92.7 0.015

