RT60 data saved by REW V5.31.1
Source: Scarlett 2i4 USB, MICROPHONE, R, volume: no control. Timing signal peak level -37.3 dBFS, measurement signal peak level -29.6 dBFS
Dated: Apr 24, 2024 6:09:13 PM
Measurement: qrd-fr-p1-l
Sweep level: -18.0 dBFS
Response measured over: 10.1 to 20,000.0 Hz
Peak value: 0.0023662206 at index 44100
Response length: 131072 samples
Sample interval: 2.2675736961451248E-5 seconds
Start time: -1.0000004433080172 seconds

Format is freq (Hz), BW (octaves), EDT (s), r, T20 (s), r, T30 (s), r, Topt (s), r, ToptStart (dB), ToptEnd (dB), T60M (s), reverse/forward/zero phase filtered, C50 (dB), C80 (dB), D50 (%), TS (s)

50 1/3 0.925 -0.929 0.623 -0.984 0.592 -0.993 0.567 -0.995 -5.000 -43.000 0.000 Forward 0.09 6.93 50.5 0.120
63 1/3 1.023 -0.833 0.554 -0.975 0.526 -0.990 0.499 -0.997 -5.000 -55.000 0.000 Forward -8.23 4.53 13.1 0.117
80 1/3 1.072 -0.912 0.400 -0.918 0.481 -0.956 0.193 -0.998 -5.000 -21.000 0.000 Forward -0.19 3.31 48.9 0.094
100 1/3 0.747 -0.952 0.593 -0.994 0.581 -0.997 0.592 -0.997 -5.000 -32.000 0.000 Forward 2.40 8.65 63.5 0.079
125 1/3 0.478 -0.936 0.310 -0.996 0.571 -0.963 0.302 -0.996 -5.000 -24.000 0.000 Forward 9.58 15.65 90.1 0.049
160 1/3 0.392 -0.983 0.458 -0.992 0.446 -0.993 0.431 -0.994 -5.000 -34.000 0.000 Forward 8.51 13.03 87.7 0.036
200 1/3 0.523 -0.984 0.461 -0.979 0.399 -0.980 0.412 -0.991 -5.000 -49.000 0.000 Forward 6.04 9.83 80.1 0.040
250 1/3 0.388 -0.967 0.403 -0.989 0.439 -0.995 0.467 -0.997 -5.000 -48.000 0.000 Forward 8.64 11.74 88.0 0.029
315 1/3 0.319 -0.967 0.332 -0.989 0.348 -0.995 0.339 -0.998 -5.000 -49.000 0.000 Forward 10.71 17.73 92.2 0.028
400 1/3 0.349 -0.980 0.379 -0.982 0.419 -0.986 0.445 -0.992 -5.000 -20.000 0.000 Forward 8.39 12.68 87.3 0.030
500 1/3 0.342 -0.986 0.388 -0.994 0.432 -0.995 0.422 -0.996 -5.000 -33.000 0.000 Forward 8.10 14.23 86.6 0.032
630 1/3 0.335 -0.978 0.419 -0.975 0.424 -0.990 0.545 -0.993 -5.000 -60.000 0.000 Forward 9.35 16.51 89.6 0.031
800 1/3 0.366 -0.986 0.393 -0.989 0.408 -0.996 0.434 -0.998 -5.000 -49.000 0.000 Forward 10.03 12.74 91.0 0.027
1000 1/3 0.302 -0.990 0.385 -0.996 0.386 -0.998 0.386 -0.998 -5.000 -35.000 0.000 Forward 10.30 14.60 91.5 0.022
1250 1/3 0.351 -0.993 0.381 -0.998 0.404 -0.998 0.382 -0.999 -5.000 -28.000 0.000 Forward 8.64 14.20 88.0 0.023
1600 1/3 0.292 -0.980 0.395 -0.998 0.432 -0.997 0.398 -0.999 -5.000 -28.000 0.000 Forward 10.85 14.67 92.4 0.020
2000 1/3 0.331 -0.991 0.397 -0.998 0.431 -0.998 0.456 -0.999 -5.000 -48.000 0.000 Forward 9.15 13.86 89.2 0.022
2500 1/3 0.305 -0.987 0.422 -0.991 0.450 -0.996 0.471 -0.998 -5.000 -46.000 0.000 Forward 10.39 15.93 91.6 0.020
3150 1/3 0.352 -0.969 0.401 -0.990 0.410 -0.997 0.419 -0.999 -5.000 -45.000 0.000 Forward 11.41 15.77 93.3 0.019
4000 1/3 0.407 -0.968 0.393 -0.998 0.426 -0.998 0.444 -0.999 -5.000 -48.000 0.000 Forward 10.85 14.67 92.4 0.016
5000 1/3 0.351 -0.970 0.387 -0.996 0.416 -0.997 0.444 -0.998 -5.000 -50.000 0.000 Forward 10.81 15.91 92.3 0.017
6300 1/3 0.389 -0.960 0.409 -0.999 0.415 -0.999 0.414 -1.000 -5.000 -43.000 0.000 Forward 11.37 16.15 93.2 0.012
8000 1/3 0.358 -0.888 0.399 -0.997 0.400 -0.999 0.400 -0.999 -5.000 -45.000 0.000 Forward 12.69 16.71 94.9 0.009
10000 1/3 0.280 -0.924 0.360 -0.998 0.371 -0.999 0.379 -1.000 -5.000 -53.000 0.000 Forward 13.30 18.91 95.5 0.008

full 1/3 0.342 -0.992 0.388 -0.999 0.412 -0.999 0.394 -0.999 -5.000 -28.000 0.000 Forward 11.04 15.76 92.7 0.015

