RT60 data saved by REW V5.31.1
Source: Scarlett 2i4 USB, MICROPHONE, R, volume: no control. Timing signal peak level -37.1 dBFS, measurement signal peak level -31.2 dBFS
Dated: Apr 24, 2024 6:06:02 PM
Measurement: empty-p1-l
Sweep level: -18.0 dBFS
Response measured over: 10.1 to 20,000.0 Hz
Peak value: 0.0023527287 at index 44100
Response length: 131072 samples
Sample interval: 2.2675736961451248E-5 seconds
Start time: -1.0000003450694825 seconds

Format is freq (Hz), BW (octaves), EDT (s), r, T20 (s), r, T30 (s), r, Topt (s), r, ToptStart (dB), ToptEnd (dB), T60M (s), reverse/forward/zero phase filtered, C50 (dB), C80 (dB), D50 (%), TS (s)

50 1/3 0.941 -0.938 0.659 -0.987 0.629 -0.994 0.586 -0.994 -5.000 -44.000 0.000 Forward 0.22 7.01 51.3 0.121
63 1/3 1.039 -0.832 0.620 -0.982 0.578 -0.994 0.596 -0.995 -5.000 -39.000 0.000 Forward -8.29 4.44 12.9 0.118
80 1/3 1.026 -0.929 0.360 -0.926 0.453 -0.953 0.202 -0.998 -5.000 -23.000 0.000 Forward 0.64 3.80 53.7 0.091
100 1/3 0.734 -0.955 0.592 -0.993 0.592 -0.996 0.601 -0.997 -5.000 -33.000 0.000 Forward 3.05 9.35 66.9 0.076
125 1/3 0.472 -0.942 0.272 -0.997 0.512 -0.957 0.272 -0.997 -5.000 -26.000 0.000 Forward 9.03 16.14 88.9 0.050
160 1/3 0.411 -0.975 0.470 -0.994 0.453 -0.996 0.443 -0.996 -5.000 -34.000 0.000 Forward 7.88 13.29 86.0 0.035
200 1/3 0.483 -0.992 0.448 -0.981 0.398 -0.984 0.411 -0.993 -5.000 -52.000 0.000 Forward 6.97 10.32 83.3 0.038
250 1/3 0.355 -0.962 0.416 -0.989 0.452 -0.994 0.446 -0.997 -5.000 -51.000 0.000 Forward 9.74 12.03 90.4 0.027
315 1/3 0.278 -0.960 0.336 -0.969 0.379 -0.986 0.367 -0.997 -5.000 -58.000 0.000 Forward 14.41 18.03 96.5 0.026
400 1/3 0.353 -0.968 0.380 -0.994 0.429 -0.993 0.397 -0.997 -5.000 -31.000 0.000 Forward 9.33 12.92 89.5 0.029
500 1/3 0.325 -0.983 0.452 -0.995 0.466 -0.991 0.415 -0.996 -5.000 -31.000 0.000 Forward 9.36 14.00 89.6 0.027
630 1/3 0.385 -0.981 0.422 -0.976 0.423 -0.987 0.404 -0.988 -5.000 -33.000 0.000 Forward 6.23 14.28 80.8 0.035
800 1/3 0.245 -0.962 0.456 -0.991 0.434 -0.997 0.439 -0.998 -5.000 -37.000 0.000 Forward 10.83 13.96 92.4 0.023
1000 1/3 0.266 -0.977 0.366 -0.983 0.408 -0.992 0.461 -0.996 -5.000 -51.000 0.000 Forward 9.96 18.12 90.8 0.022
1250 1/3 0.408 -0.988 0.384 -0.990 0.449 -0.992 0.516 -0.996 -5.000 -57.000 0.000 Forward 8.42 15.82 87.4 0.022
1600 1/3 0.329 -0.969 0.445 -0.997 0.447 -0.998 0.450 -0.999 -5.000 -45.000 0.000 Forward 9.88 13.98 90.7 0.019
2000 1/3 0.389 -0.991 0.423 -0.997 0.462 -0.997 0.465 -0.999 -5.000 -50.000 0.000 Forward 7.72 12.91 85.5 0.026
2500 1/3 0.384 -0.974 0.424 -0.997 0.465 -0.996 0.480 -0.998 -5.000 -47.000 0.000 Forward 9.32 14.92 89.5 0.019
3150 1/3 0.336 -0.981 0.435 -0.996 0.441 -0.998 0.455 -0.999 -5.000 -52.000 0.000 Forward 10.57 14.82 91.9 0.019
4000 1/3 0.366 -0.945 0.416 -0.998 0.435 -0.999 0.438 -0.999 -5.000 -40.000 0.000 Forward 11.68 15.60 93.6 0.013
5000 1/3 0.416 -0.970 0.437 -0.999 0.438 -1.000 0.442 -1.000 -5.000 -44.000 0.000 Forward 10.17 14.75 91.2 0.016
6300 1/3 0.452 -0.949 0.422 -0.996 0.420 -0.999 0.433 -0.999 -5.000 -47.000 0.000 Forward 11.42 15.89 93.3 0.014
8000 1/3 0.373 -0.867 0.406 -0.998 0.412 -0.999 0.412 -1.000 -5.000 -45.000 0.000 Forward 12.97 16.96 95.2 0.009
10000 1/3 0.288 -0.917 0.376 -0.998 0.380 -0.999 0.382 -1.000 -5.000 -45.000 0.000 Forward 13.79 18.34 96.0 0.008

full 1/3 0.349 -0.987 0.409 -0.999 0.429 -0.999 0.388 -0.999 -5.000 -20.000 0.000 Forward 10.78 15.68 92.3 0.015

