RT60 data saved by REW V5.31.1
Source: Scarlett 2i4 USB, MICROPHONE, R, volume: no control. Timing signal peak level -36.1 dBFS, measurement signal peak level -30.6 dBFS
Dated: Apr 24, 2024 6:20:07 PM
Measurement: qrd-2nd-p1-l
Sweep level: -18.0 dBFS
Response measured over: 10.1 to 20,000.0 Hz
Peak value: 0.002361897 at index 44100
Response length: 131072 samples
Sample interval: 2.2675736961451248E-5 seconds
Start time: -1.000001115683324 seconds

Format is freq (Hz), BW (octaves), EDT (s), r, T20 (s), r, T30 (s), r, Topt (s), r, ToptStart (dB), ToptEnd (dB), T60M (s), reverse/forward/zero phase filtered, C50 (dB), C80 (dB), D50 (%), TS (s)

50 1/3 1.057 -0.951 0.694 -0.989 0.658 -0.996 0.652 -0.997 -5.000 -56.000 0.000 Forward -0.49 5.63 47.2 0.127
63 1/3 1.036 -0.835 0.597 -0.990 0.543 -0.995 0.528 -0.997 -5.000 -52.000 0.000 Forward -8.83 4.17 11.6 0.119
80 1/3 1.072 -0.921 0.363 -0.929 0.441 -0.954 0.203 -0.998 -5.000 -22.000 0.000 Forward -0.04 3.78 49.8 0.092
100 1/3 0.757 -0.960 0.536 -0.995 0.522 -0.998 0.524 -0.998 -5.000 -34.000 0.000 Forward 2.62 8.36 64.6 0.077
125 1/3 0.483 -0.929 0.257 -0.987 0.556 -0.947 0.218 -0.997 -5.000 -22.000 0.000 Forward 10.10 19.27 91.1 0.049
160 1/3 0.333 -0.979 0.474 -0.985 0.533 -0.990 0.405 -0.996 -5.000 -22.000 0.000 Forward 11.18 16.55 92.9 0.032
200 1/3 0.380 -0.992 0.476 -0.976 0.437 -0.977 0.411 -0.991 -5.000 -50.000 0.000 Forward 8.90 13.56 88.6 0.036
250 1/3 0.300 -0.976 0.521 -0.989 0.446 -0.993 0.452 -0.997 -5.000 -43.000 0.000 Forward 9.87 12.93 90.6 0.028
315 1/3 0.307 -0.958 0.423 -0.961 0.417 -0.982 0.422 -0.994 -5.000 -60.000 0.000 Forward 12.48 17.91 94.7 0.027
400 1/3 0.286 -0.961 0.399 -0.996 0.457 -0.993 0.465 -0.997 -5.000 -45.000 0.000 Forward 9.97 14.91 90.8 0.027
500 1/3 0.356 -0.984 0.416 -0.987 0.462 -0.991 0.410 -0.994 -5.000 -30.000 0.000 Forward 8.36 15.44 87.3 0.030
630 1/3 0.278 -0.970 0.454 -0.994 0.433 -0.996 0.433 -0.996 -5.000 -35.000 0.000 Forward 9.20 14.81 89.3 0.031
800 1/3 0.313 -0.984 0.420 -0.995 0.444 -0.997 0.454 -0.998 -5.000 -43.000 0.000 Forward 9.47 13.00 89.8 0.026
1000 1/3 0.280 -0.993 0.432 -0.995 0.433 -0.998 0.454 -0.999 -5.000 -51.000 0.000 Forward 10.37 14.76 91.6 0.021
1250 1/3 0.307 -0.993 0.409 -0.993 0.398 -0.998 0.403 -0.998 -5.000 -41.000 0.000 Forward 10.08 15.18 91.1 0.023
1600 1/3 0.269 -0.983 0.441 -0.993 0.458 -0.997 0.474 -0.999 -5.000 -58.000 0.000 Forward 11.92 14.94 94.0 0.018
2000 1/3 0.316 -0.996 0.403 -0.994 0.452 -0.995 0.472 -0.999 -5.000 -58.000 0.000 Forward 9.17 12.70 89.2 0.024
2500 1/3 0.307 -0.976 0.364 -0.996 0.414 -0.994 0.372 -0.997 -5.000 -29.000 0.000 Forward 11.02 14.94 92.7 0.017
3150 1/3 0.349 -0.966 0.401 -0.992 0.412 -0.998 0.436 -0.999 -5.000 -50.000 0.000 Forward 9.91 14.37 90.7 0.022
4000 1/3 0.339 -0.906 0.407 -0.998 0.427 -0.999 0.428 -0.999 -5.000 -39.000 0.000 Forward 12.24 16.51 94.4 0.010
5000 1/3 0.380 -0.970 0.393 -0.998 0.414 -0.999 0.403 -0.999 -5.000 -31.000 0.000 Forward 11.52 15.85 93.4 0.015
6300 1/3 0.394 -0.968 0.407 -0.996 0.404 -0.999 0.411 -0.999 -5.000 -43.000 0.000 Forward 12.17 16.18 94.3 0.013
8000 1/3 0.356 -0.846 0.393 -0.998 0.396 -0.999 0.394 -0.999 -5.000 -44.000 0.000 Forward 13.50 17.49 95.7 0.008
10000 1/3 0.219 -0.948 0.355 -0.998 0.368 -0.999 0.373 -0.999 -5.000 -44.000 0.000 Forward 14.52 19.39 96.6 0.008

full 1/3 0.329 -0.989 0.397 -0.999 0.420 -0.999 0.417 -0.999 -5.000 -34.000 0.000 Forward 11.67 15.96 93.6 0.014

