RT60 data saved by REW V5.31.1
Source: Scarlett 2i4 USB, MICROPHONE, R, volume: no control. Timing signal peak level -36.8 dBFS, measurement signal peak level -25.2 dBFS
Dated: Apr 24, 2024 6:11:21 PM
Measurement: qrd-fr-p1-c
Sweep level: -18.0 dBFS
Response measured over: 10.1 to 20,000.0 Hz
Peak value: 0.006591968 at index 44100
Response length: 131072 samples
Sample interval: 2.2675736961451248E-5 seconds
Start time: -1.000885738506395 seconds

Format is freq (Hz), BW (octaves), EDT (s), r, T20 (s), r, T30 (s), r, Topt (s), r, ToptStart (dB), ToptEnd (dB), T60M (s), reverse/forward/zero phase filtered, C50 (dB), C80 (dB), D50 (%), TS (s)

50 1/3 0.655 -0.957 0.547 -0.997 0.543 -0.999 0.548 -0.999 -5.000 -55.000 0.000 Forward 9.67 16.57 90.3 0.075
63 1/3 0.840 -0.889 0.463 -0.949 0.388 -0.980 0.372 -0.987 -5.000 -41.000 0.000 Forward 1.72 10.52 59.8 0.087
80 1/3 0.972 -0.857 0.660 -0.936 0.591 -0.963 0.503 -0.992 -5.000 -58.000 0.000 Forward -0.82 10.03 45.3 0.090
100 1/3 0.433 -0.923 0.624 -0.989 0.481 -0.983 0.545 -0.995 -5.000 -55.000 0.000 Forward 8.80 12.67 88.4 0.058
125 1/3 0.740 -0.979 0.406 -0.993 0.475 -0.993 0.496 -0.996 -5.000 -60.000 0.000 Forward 3.86 8.12 70.9 0.061
160 1/3 0.422 -0.929 0.447 -0.986 0.423 -0.993 0.493 -0.996 -5.000 -60.000 0.000 Forward 10.34 15.64 91.5 0.038
200 1/3 0.225 -0.965 0.366 -0.984 0.323 -0.984 0.360 -0.993 -5.000 -53.000 0.000 Forward 11.35 18.98 93.2 0.028
250 1/3 0.282 -0.984 0.412 -0.990 0.418 -0.995 0.414 -0.997 -5.000 -38.000 0.000 Forward 10.21 16.16 91.3 0.028
315 1/3 0.409 -0.984 0.354 -0.997 0.397 -0.995 0.355 -0.997 -5.000 -27.000 0.000 Forward 7.79 14.50 85.7 0.035
400 1/3 0.230 -0.961 0.421 -0.988 0.427 -0.996 0.427 -0.996 -5.000 -35.000 0.000 Forward 12.19 16.31 94.3 0.025
500 1/3 0.329 -0.940 0.422 -0.965 0.387 -0.987 0.406 -0.994 -5.000 -44.000 0.000 Forward 10.84 16.55 92.4 0.032
630 1/3 0.274 -0.986 0.370 -0.954 0.395 -0.984 0.426 -0.992 -5.000 -45.000 0.000 Forward 14.05 18.25 96.2 0.022
800 1/3 0.230 -0.981 0.380 -0.994 0.404 -0.996 0.343 -0.997 -5.000 -21.000 0.000 Forward 10.54 16.34 91.9 0.023
1000 1/3 0.334 -0.991 0.379 -0.988 0.437 -0.991 0.453 -0.996 -5.000 -45.000 0.000 Forward 8.06 15.83 86.5 0.027
1250 1/3 0.392 -0.964 0.391 -0.994 0.378 -0.997 0.385 -0.998 -5.000 -42.000 0.000 Forward 8.27 13.72 87.0 0.023
1600 1/3 0.263 -0.971 0.392 -0.994 0.419 -0.996 0.416 -0.998 -5.000 -46.000 0.000 Forward 11.35 16.72 93.2 0.018
2000 1/3 0.334 -0.931 0.338 -0.989 0.406 -0.988 0.441 -0.996 -5.000 -56.000 0.000 Forward 12.95 18.09 95.2 0.015
2500 1/3 0.353 -0.894 0.323 -0.993 0.402 -0.991 0.435 -0.997 -5.000 -51.000 0.000 Forward 12.33 18.05 94.5 0.020
3150 1/3 0.322 -0.928 0.341 -0.992 0.375 -0.996 0.420 -0.997 -5.000 -53.000 0.000 Forward 11.33 17.41 93.1 0.020
4000 1/3 0.267 -0.968 0.317 -0.997 0.346 -0.996 0.315 -0.998 -5.000 -28.000 0.000 Forward 13.63 18.82 95.8 0.011
5000 1/3 0.400 -0.966 0.327 -0.997 0.351 -0.998 0.340 -0.998 -5.000 -32.000 0.000 Forward 10.96 17.89 92.6 0.013
6300 1/3 0.407 -0.945 0.320 -0.997 0.337 -0.998 0.328 -0.998 -5.000 -32.000 0.000 Forward 12.59 18.59 94.8 0.011
8000 1/3 0.406 -0.872 0.319 -0.996 0.330 -0.998 0.337 -0.999 -5.000 -40.000 0.000 Forward 14.52 20.90 96.6 0.007
10000 1/3 0.191 -0.803 0.294 -0.992 0.295 -0.997 0.318 -0.998 -5.000 -51.000 0.000 Forward 15.83 23.20 97.5 0.005

full 1/3 0.384 -0.975 0.313 -0.997 0.355 -0.996 0.327 -0.997 -5.000 -29.000 0.000 Forward 13.27 19.37 95.5 0.010

