* Measurement data measured by REW V5.31.1
* Source: Scarlett 2i4 USB, MICROPHONE, R, volume: no control
* Format: 512k Log Swept Sine, 1 sweep at -18.0 dBFS with no timing reference
* Dated: May 7, 2024 4:17:01 PM
* REW Settings:
*  C-weighting compensation: Off
*  Target level: 75.0 dB
* Note: ; 
* Measurement: front-l12-r12-p2-r
* Smoothing: 1/48 octave
* Frequency Step: 96 ppo
* Start Frequency: 10.093689 Hz
*
* Freq(Hz) SPL(dB) Phase(degrees)
10.093689 38.372 49.9760
10.166832 38.336 43.9760
10.240505 38.292 37.6733
10.314712 38.245 31.3224
10.389457 38.192 25.2617
10.464743 38.111 19.7617
10.540575 37.987 14.2765
10.616956 37.830 8.7840
10.693891 37.640 3.5406
10.771383 37.413 -1.0668
10.849437 37.139 -5.0822
10.928057 36.823 -8.7698
11.007246 36.486 -12.0111
11.087009 36.146 -14.5386
11.167350 35.790 -16.0123
11.248273 35.408 -16.4098
11.329783 35.071 -15.8490
11.411883 34.874 -14.5030
11.494578 34.879 -12.4035
11.577873 35.064 -9.2130
11.661771 35.402 -5.7301
11.746277 35.878 -2.8432
11.831395 36.502 -0.9537
11.917130 37.288 0.4958
12.003487 38.156 1.2278
12.090469 39.008 1.0420
12.178081 39.802 -0.0444
12.266329 40.570 -1.6491
12.355216 41.299 -3.6231
12.444747 41.967 -5.9089
12.534926 42.565 -8.5917
12.625760 43.100 -11.5768
12.717251 43.573 -14.6367
12.809406 43.986 -17.6572
12.902228 44.335 -20.8993
12.995723 44.621 -24.2542
13.089895 44.847 -27.4813
13.184750 45.012 -30.5344
13.280292 45.115 -33.7046
13.376526 45.156 -36.7852
13.473458 45.136 -39.5235
13.571093 45.052 -42.0907
13.669434 44.905 -44.5275
13.768489 44.698 -46.5939
13.868261 44.429 -48.1237
13.968756 44.097 -49.2498
14.069979 43.724 -49.8186
14.171936 43.328 -49.5981
14.274632 42.894 -48.4466
14.378072 42.480 -46.3320
14.482261 42.175 -43.2943
14.587206 41.993 -39.1646
14.692910 41.949 -34.1857
14.799381 42.095 -29.0815
14.906624 42.476 -24.2087
15.014643 43.047 -19.7795
15.123446 43.712 -16.3581
15.233036 44.430 -14.0261
15.343421 45.202 -12.5170
15.454606 45.965 -11.8474
15.566596 46.682 -11.9383
15.679398 47.361 -12.5800
15.793018 47.993 -13.6526
15.907460 48.568 -15.1171
16.022732 49.088 -16.9071
16.138840 49.555 -18.8740
16.255788 49.969 -21.0269
16.373585 50.329 -23.3633
16.492234 50.637 -25.7132
16.611744 50.893 -28.1443
16.732119 51.097 -30.6373
16.853367 51.251 -33.0098
16.975494 51.354 -35.3829
17.098505 51.407 -37.6701
17.222408 51.412 -39.7014
17.347209 51.368 -41.6010
17.472914 51.284 -43.2119
17.599530 51.163 -44.4066
17.727063 51.012 -45.2375
17.855521 50.857 -45.5619
17.984909 50.703 -45.2828
18.115235 50.580 -44.4639
18.246506 50.533 -43.1496
18.378727 50.566 -41.2993
18.511907 50.707 -39.3523
18.646052 50.977 -37.3936
18.781169 51.351 -35.6504
18.917265 51.802 -34.5513
19.054347 52.320 -33.9506
19.192423 52.853 -34.0165
19.331499 53.378 -34.7498
19.471583 53.878 -35.9565
19.612682 54.324 -37.5885
19.754804 54.715 -39.5929
19.897956 55.040 -41.6569
20.042144 55.296 -43.8915
20.187378 55.491 -45.9972
20.333664 55.625 -47.8860
20.481010 55.714 -49.5412
20.629424 55.778 -50.7005
20.778913 55.834 -51.4481
20.929486 55.920 -51.7481
21.081150 56.051 -51.5680
21.233912 56.254 -51.2490
21.387782 56.542 -50.7744
21.542767 56.899 -50.5037
21.698874 57.315 -50.5746
21.856113 57.758 -51.0067
22.014492 58.196 -51.9389
22.174018 58.612 -53.1905
22.334700 58.978 -54.6926
22.496546 59.290 -56.3416
22.659566 59.545 -57.8525
22.823766 59.750 -59.2466
22.989157 59.927 -60.2075
23.155745 60.094 -60.8021
23.323542 60.292 -60.9438
23.492554 60.536 -60.7098
23.662790 60.856 -60.3711
23.834261 61.250 -59.9886
24.006973 61.701 -59.9527
24.180938 62.188 -60.2129
24.356163 62.671 -60.9280
24.532658 63.133 -61.9417
24.710431 63.547 -63.1327
24.889493 63.915 -64.3319
25.069853 64.241 -65.2999
25.251519 64.556 -65.9526
25.434502 64.891 -66.1152
25.618811 65.291 -65.9893
25.804456 65.786 -65.5753
25.991445 66.389 -65.4496
26.179790 67.091 -65.6574
26.369500 67.846 -66.7260
26.560584 68.620 -68.5192
26.753053 69.363 -71.1992
26.946917 70.047 -74.4971
27.142185 70.648 -78.3967
27.338869 71.157 -82.5691
27.536977 71.571 -87.0095
27.736522 71.896 -91.4104
27.937512 72.142 -95.7656
28.139959 72.324 -99.9316
28.343872 72.459 -103.8774
28.549264 72.562 -107.6145
28.756143 72.647 -111.1793
28.964522 72.716 -114.6445
29.174411 72.769 -118.0865
29.385821 72.792 -121.5318
29.598763 72.775 -124.9851
29.813248 72.701 -128.3805
30.029287 72.565 -131.5567
30.246891 72.368 -134.4326
30.466073 72.125 -136.7560
30.686842 71.864 -138.4894
30.909212 71.616 -139.5367
31.133193 71.423 -140.0614
31.358797 71.298 -140.2555
31.586035 71.242 -140.3148
31.814921 71.228 -140.4477
32.045465 71.225 -140.5417
32.277680 71.226 -140.4953
32.511577 71.244 -139.9720
32.747169 71.334 -138.8869
32.984469 71.554 -137.3574
33.223488 71.955 -135.7898
33.464239 72.518 -134.9967
33.706735 73.177 -135.3389
33.950987 73.846 -137.0024
34.197010 74.433 -139.8652
34.444816 74.889 -143.4562
34.694417 75.193 -147.4255
34.945827 75.342 -151.3686
35.199059 75.366 -154.7759
35.454126 75.316 -157.4510
35.711041 75.251 -159.2965
35.969818 75.233 -160.3747
36.230470 75.303 -161.1237
36.493011 75.453 -161.9726
36.757455 75.642 -163.1779
37.023814 75.822 -164.8418
37.292104 75.944 -166.8464
37.562338 75.985 -168.8881
37.834530 75.944 -170.6964
38.108695 75.835 -172.0302
38.384846 75.683 -172.6728
38.662999 75.523 -172.4557
38.943167 75.401 -171.2814
39.225365 75.375 -169.1809
39.509608 75.497 -166.3987
39.795911 75.797 -163.3952
40.084289 76.261 -160.6893
40.374756 76.834 -158.6019
40.667328 77.460 -157.0452
40.962020 78.130 -155.5785
41.258848 78.901 -153.8211
41.557827 79.860 -151.8705
41.858972 81.053 -150.4571
42.162299 82.439 -150.5763
42.467824 83.898 -152.8771
42.775564 85.297 -157.4182
43.085533 86.540 -163.8456
43.397749 87.572 -171.6439
43.712227 88.371 179.7206
44.028983 88.938 170.7316
44.348036 89.285 161.8011
44.669400 89.438 153.2767
44.993093 89.434 145.4376
45.319131 89.319 138.4733
45.647532 89.145 132.4562
45.978313 88.957 127.3269
46.311491 88.792 122.9199
46.647083 88.667 119.0319
46.985107 88.585 115.4937
47.325581 88.544 112.2016
47.668521 88.545 109.1000
48.013947 88.589 106.1442
48.361876 88.681 103.2775
48.712326 88.826 100.4274
49.065315 89.025 97.5072
49.420863 89.279 94.4131
49.778987 89.582 91.0305
50.139706 89.924 87.2617
50.503039 90.291 83.0636
50.869005 90.672 78.4545
51.237623 91.071 73.4682
51.608912 91.499 68.0645
51.982891 91.967 62.0587
52.359580 92.464 55.1465
52.739000 92.949 47.0347
53.121168 93.358 37.5864
53.506106 93.621 26.8818
53.893833 93.679 15.1566
54.284370 93.487 2.7668
54.677737 93.018 -9.8319
55.073955 92.261 -22.1243
55.473043 91.230 -33.5637
55.875024 89.963 -43.6346
56.279917 88.531 -51.9431
56.687745 87.033 -58.3936
57.098527 85.569 -63.3724
57.512287 84.196 -67.5759
57.929045 82.908 -71.5647
58.348822 81.668 -75.5523
58.771642 80.450 -79.6006
59.197525 79.240 -83.8787
59.626495 78.021 -88.7460
60.058573 76.747 -94.6084
60.493782 75.342 -101.7916
60.932145 73.723 -110.5762
61.373685 71.811 -121.5237
61.818424 69.556 -136.0021
62.266386 67.047 -157.7819
62.717593 64.844 164.3885
63.172071 64.129 116.2509
63.629842 65.120 86.2542
64.090930 66.753 70.4881
64.555359 68.367 60.7695
65.023154 69.808 53.5169
65.494339 71.069 47.2388
65.968938 72.175 41.3121
66.446976 73.153 35.4228
66.928478 74.017 29.3162
67.413469 74.760 22.8327
67.901975 75.370 15.9718
68.394021 75.846 8.8486
68.889632 76.194 1.5499
69.388835 76.422 -5.8715
69.891655 76.534 -13.4590
70.398118 76.518 -21.2507
70.908252 76.347 -29.2708
71.422083 75.972 -37.2766
71.939636 75.356 -44.6598
72.460941 74.519 -50.1265
72.986023 73.639 -52.2369
73.514909 73.075 -50.9028
74.047629 73.084 -49.0323
74.584208 73.527 -49.7358
75.124676 74.098 -53.0771
75.669061 74.682 -57.7522
76.217390 75.314 -63.1639
76.769692 76.012 -69.7816
77.325997 76.706 -78.0706
77.886333 77.310 -87.8289
78.450730 77.800 -98.4841
79.019216 78.195 -109.6524
79.591822 78.520 -121.2872
80.168577 78.765 -133.4626
80.749512 78.902 -146.1040
81.334656 78.915 -158.9779
81.924040 78.801 -171.9358
82.517696 78.539 175.0060
83.115653 78.074 161.9182
83.717943 77.327 149.3140
84.324598 76.244 138.3223
84.935649 74.854 130.5995
85.551128 73.349 128.2156
86.171066 72.191 132.5444
86.795497 71.982 141.0759
87.424453 72.819 147.8716
88.057967 74.248 150.4353
88.696071 75.903 149.5114
89.338800 77.609 145.5785
89.986185 79.245 138.7639
90.638262 80.736 129.5825
91.295065 82.066 118.5455
91.956626 83.214 105.6273
92.622982 84.097 90.6099
93.294166 84.596 73.8000
93.970214 84.624 56.2112
94.651161 84.172 39.2494
95.337042 83.326 24.2783
96.027894 82.263 12.1106
96.723752 81.209 2.5332
97.424652 80.351 -5.6227
98.130631 79.767 -13.7102
98.841726 79.447 -22.6403
99.557974 79.357 -33.0598
100.279412 79.433 -45.7640
101.006078 79.537 -61.3274
101.738010 79.506 -79.3734
102.475245 79.257 -98.6494
103.217823 78.841 -117.8774
103.965782 78.383 -136.5699
104.719161 77.952 -154.9800
105.477999 77.511 -173.2482
106.242336 76.995 168.9685
107.012212 76.360 151.9984
107.787666 75.553 135.8978
108.568740 74.472 120.9775
109.355474 73.017 108.3452
110.147909 71.163 100.0312
110.946086 69.064 98.8441
111.750047 67.170 105.8805
112.559834 66.030 116.5751
113.375489 65.838 127.4089
114.197055 66.616 139.8951
115.024574 68.210 150.3909
115.858089 70.080 154.0085
116.697645 71.785 152.2206
117.543284 73.180 147.7637
118.395051 74.262 142.3217
119.252990 75.108 137.2355
120.117147 75.836 132.9696
120.987565 76.488 128.7498
121.864291 77.037 124.4858
122.747370 77.525 121.0844
123.636848 78.080 118.8043
124.532771 78.838 117.4878
125.435187 79.881 116.0994
126.344142 81.079 112.0898
127.259684 82.162 104.6086
128.181860 82.963 95.0101
129.110718 83.471 84.7759
130.046308 83.735 74.5179
130.988677 83.784 64.1761
131.937875 83.597 53.7379
132.893951 83.150 43.6505
133.856956 82.459 34.6962
134.826938 81.608 27.4326
135.803950 80.705 21.4615
136.788041 79.789 15.9410
137.779264 78.839 10.8068
138.777669 77.864 6.2256
139.783309 76.880 1.2880
140.796237 75.794 -5.6659
141.816504 74.383 -15.6416
142.844165 72.410 -28.9794
143.879273 69.974 -49.2476
144.921881 68.537 -120.0577
145.972045 70.075 160.6187
147.029819 72.902 140.2518
148.095257 75.529 128.0410
149.168417 77.749 117.6914
150.249353 79.545 106.8625
151.338121 80.883 95.1154
152.434780 81.781 83.4558
153.539385 82.325 72.6797
154.651995 82.589 62.7517
155.772667 82.604 53.5221
156.901460 82.379 45.1454
158.038432 81.957 38.4663
159.183644 81.493 34.6680
160.337154 81.186 32.6158
161.499023 81.001 29.4993
162.669312 80.743 25.6173
163.848081 80.401 23.5623
165.035392 80.189 23.8396
166.231306 80.226 23.8960
167.435887 80.363 21.7283
168.649196 80.369 17.8928
169.871298 80.164 14.6284
171.102255 79.944 14.8035
172.342133 80.080 17.8324
173.590995 80.645 18.9457
174.848907 81.367 16.4780
176.115934 82.015 11.4385
177.392143 82.508 5.0623
178.677599 82.860 -2.0406
179.972371 83.065 -10.3345
181.276525 83.032 -20.4628
182.590129 82.613 -32.2748
183.913252 81.668 -44.7234
185.245964 80.095 -56.2052
186.588332 77.836 -64.1011
187.940428 75.062 -61.1156
189.302322 73.046 -27.0021
190.674085 73.766 9.8319
192.055788 75.854 14.2644
193.447503 77.601 7.5266
194.849303 78.743 -1.7812
196.261262 79.423 -11.3762
197.683452 79.712 -21.9745
199.115948 79.516 -34.4366
200.558824 78.641 -48.2482
202.012156 76.939 -60.2787
203.476019 74.780 -56.2365
204.950490 74.004 -3.0652
206.435646 75.471 10.3727
207.931564 77.395 5.3358
209.438322 79.054 -1.7411
210.955998 80.404 -10.4368
212.484672 81.377 -21.7407
214.024424 81.853 -35.3336
215.575333 81.770 -49.4460
217.137481 81.209 -61.8376
218.710948 80.392 -71.3694
220.295818 79.560 -79.4932
221.892172 78.688 -89.8645
223.500094 77.429 -102.5527
225.119668 75.509 -113.2905
226.750978 73.001 -118.8311
228.394109 70.666 -116.2676
230.049147 70.607 -46.9269
231.716178 72.787 -26.2228
233.395289 74.802 -42.4193
235.086567 75.977 -61.7219
236.790102 76.417 -80.9473
238.505980 76.163 -100.6650
240.234293 75.215 -118.9424
241.975130 73.879 -131.8970
243.728581 72.886 -141.6514
245.494739 72.612 -157.0562
247.273695 72.686 -179.0222
249.065542 72.873 156.4316
250.870374 73.310 132.6221
252.688284 74.169 111.0410
254.519367 75.359 90.9038
256.363720 76.625 71.4741
258.221437 77.787 52.6643
260.092616 78.723 33.7688
261.977354 79.310 14.2737
263.875750 79.451 -5.5239
265.787903 79.079 -24.9998
267.713911 78.174 -42.6016
269.653877 76.874 -56.2747
271.607900 75.493 -66.4194
273.576083 74.295 -76.5500
275.558528 73.286 -89.9663
277.555338 72.381 -109.2781
279.566619 71.742 -139.5977
281.592474 71.940 170.1277
283.633009 73.239 108.3972
285.688331 74.838 60.8945
287.758546 75.887 23.7883
289.843763 76.060 -7.9375
291.944090 75.296 -35.3730
294.059638 73.613 -57.8357
296.190515 71.097 -73.6450
298.336833 68.043 -83.6948
300.498705 65.721 -87.9502
302.676243 66.731 55.9460
304.869559 69.661 44.3870
307.078770 72.262 29.0537
309.303989 74.210 14.2461
311.545334 75.634 0.2278
313.802919 76.664 -13.3784
316.076865 77.408 -26.3372
318.367288 78.026 -37.6406
320.674309 78.678 -47.8728
322.998047 79.311 -59.7681
325.338624 79.756 -73.4016
327.696162 80.034 -86.2717
330.070783 80.336 -97.7957
332.462612 80.705 -110.3403
334.871773 80.956 -125.0396
337.298392 80.938 -140.3208
339.742595 80.693 -154.0923
342.204510 80.436 -165.2402
344.684265 80.381 -175.1394
347.181989 80.518 173.9211
349.697813 80.685 161.8027
352.231868 80.794 149.5908
354.784285 80.814 137.1313
357.355198 80.661 124.1697
359.944741 80.268 111.8123
362.553049 79.672 101.4209
365.180258 79.070 94.6641
367.826505 78.755 90.5605
370.491927 78.773 85.2083
373.176665 78.932 78.2273
375.880856 79.093 70.3987
378.604644 79.078 60.2576
381.348169 78.602 48.3257
384.111575 77.521 38.4678
386.895006 76.156 37.9905
389.698607 75.674 52.8547
392.522524 76.783 63.1973
395.366904 78.432 60.5957
398.231895 79.747 50.9866
401.117648 80.534 39.0984
404.024312 80.974 28.5000
406.952038 81.417 20.1995
409.900981 82.090 11.9143
412.871292 82.860 0.1399
415.863128 83.403 -15.8884
418.876643 83.485 -34.7778
421.911996 82.956 -55.3269
424.969344 81.741 -74.1216
428.048847 80.152 -85.5374
431.150666 78.915 -93.9248
434.274961 78.193 -107.8564
437.421897 77.665 -123.9932
440.591636 77.521 -139.1519
443.784345 78.076 -156.6689
447.000189 78.820 177.0520
450.239337 78.961 143.5969
453.501956 78.067 107.7014
456.788219 75.966 74.4294
460.098294 72.787 54.4106
463.432356 69.572 128.0356
466.790578 68.489 139.0613
470.173135 69.578 134.7646
473.580203 71.630 136.0691
477.011961 73.874 133.4075
480.468586 75.806 124.7683
483.950259 77.316 114.1743
487.457163 78.497 103.4058
490.989478 79.463 92.9700
494.547390 80.388 83.6953
498.131084 81.312 73.6128
501.740748 81.982 59.9900
505.376568 82.093 44.1301
509.038735 81.631 30.1025
512.727439 80.811 19.0239
516.442874 79.799 9.9976
520.185232 78.714 3.5110
523.954708 77.618 -2.8601
527.751500 76.354 -9.5603
531.575805 74.942 -12.4160
535.427822 73.680 -17.1541
539.307753 72.786 -31.0352
543.215800 73.250 -57.5605
547.152165 75.569 105.9688
551.117055 77.909 79.1953
555.110677 79.279 54.5806
559.133237 79.857 35.1711
563.184947 80.007 18.1206
567.266018 79.580 -2.0789
571.376661 78.285 -21.3667
575.517092 76.920 1.9841
579.687526 77.214 42.7209
583.888181 78.159 27.7129
588.119275 78.399 10.3396
592.381030 77.889 -3.4282
596.673667 76.752 -14.6218
600.997410 75.249 -13.7849
605.352485 74.549 7.9585
609.739119 75.012 11.7656
614.157540 75.377 4.7068
618.607979 75.356 1.9541
623.090667 75.723 6.8262
627.605839 76.984 11.8147
632.153730 78.620 9.8894
636.734576 79.730 -3.0764
641.348617 79.922 -19.3970
645.996094 79.298 -34.0476
650.677248 78.108 -43.9102
655.392323 77.195 -41.1550
660.141566 77.532 -34.0271
664.925224 78.054 -47.7209
669.743546 77.419 -69.3748
674.596784 75.604 -79.1707
679.485191 74.113 -62.7202
684.409020 74.280 -64.3225
689.368530 74.713 -84.8928
694.363979 75.027 -106.9624
699.395626 75.608 -136.5835
704.463736 75.724 -176.9121
709.568570 75.482 153.3679
714.710396 76.576 145.5645
719.889483 78.538 125.1873
725.106099 79.870 98.4392
730.360516 80.425 75.2856
735.653010 80.407 56.5312
740.983855 80.432 52.5618
746.353329 81.409 55.4026
751.761713 82.589 43.4546
757.209288 83.428 30.1753
762.696339 84.283 20.7007
768.223151 84.999 6.1594
773.790013 85.051 -11.7844
779.397214 84.584 -26.3840
785.045047 84.225 -36.0723
790.733808 84.203 -49.7112
796.463791 83.643 -72.7961
802.235296 81.874 -96.7734
808.048623 78.930 -115.0779
813.904077 75.284 -121.1833
819.801961 72.861 -138.3730
825.742584 73.932 150.3655
831.726255 76.625 93.7563
837.753287 79.067 62.1846
843.823992 80.795 38.0771
849.938689 81.892 17.9302
856.097695 82.686 2.9502
862.301332 83.402 -11.2988
868.549922 83.656 -28.9287
874.843793 83.320 -45.0840
881.183272 82.673 -58.2271
887.568689 82.144 -68.5449
894.000378 81.731 -85.0459
900.478673 80.638 -108.7637
907.003913 78.424 -130.2949
913.576437 76.474 -144.5371
920.196588 77.567 161.1123
926.864712 79.923 74.8315
933.581156 81.648 26.6396
940.346270 82.865 -5.2153
947.160407 83.933 -30.1528
954.023921 84.280 -58.2007
960.937172 83.420 -84.2192
967.900519 81.790 -104.2271
974.914325 79.838 -123.3320
981.978956 77.535 -141.2300
989.094780 75.188 -146.8140
996.262169 74.500 -155.3057
1003.481495 75.869 155.7715
1010.753136 77.447 69.0181
1018.077470 78.201 0.4321
1025.454879 77.844 -49.5024
1032.885748 76.467 -85.1865
1040.370463 75.339 -95.9233
1047.909417 75.255 -127.8862
1055.503000 74.528 136.5107
1063.151610 72.822 46.4028
1070.855645 72.331 21.1426
1078.615506 73.888 7.2539
1086.431599 74.985 -21.7017
1094.304330 74.860 -56.9141
1102.234110 75.408 -112.4067
1110.221353 77.351 91.8223
1118.266475 78.794 45.7363
1126.369895 79.242 15.0259
1134.532035 79.386 -4.4419
1142.753322 79.988 -11.8154
1151.034184 81.561 -12.2134
1159.375052 83.226 -27.3657
1167.776361 84.463 -46.9058
1176.238550 85.424 -68.2578
1184.762060 85.847 -94.8003
1193.347334 85.348 -124.6240
1201.994821 83.969 -154.5229
1210.704971 81.974 174.9868
1219.478238 79.873 141.2148
1228.315080 78.154 94.9644
1237.215957 76.456 44.6943
1246.181334 75.401 13.1548
1255.211678 76.390 3.2500
1264.307459 78.120 -17.8130
1273.469152 78.918 -47.1221
1282.697235 78.579 -74.7065
1291.992188 77.363 -96.2046
1301.354495 75.895 -111.8730
1310.784647 74.868 -126.4165
1320.283132 74.516 -150.9023
1329.850448 74.124 168.2002
1339.487093 73.652 117.7959
1349.193569 74.286 74.3052
1358.970381 75.877 41.1353
1368.818041 78.022 21.0225
1378.737061 80.286 1.5127
1388.727958 81.600 -26.1646
1398.791253 81.612 -54.1719
1408.927471 80.556 -76.5078
1419.137140 79.023 -88.6943
1429.420793 78.041 -95.2720
1439.778965 77.957 -106.0337
1450.212197 77.718 -120.7222
1460.721033 76.827 -99.7812
1471.306019 76.862 -74.5527
1481.967709 78.633 -76.7959
1492.706658 80.835 -94.7441
1503.523426 82.414 -123.8584
1514.418576 82.746 -163.7817
1525.392678 81.666 145.8916
1536.446302 79.972 23.3647
1547.580025 79.654 -72.4858
1558.794428 80.914 -113.0137
1570.090095 81.900 -152.1045
1581.467615 81.617 167.3730
1592.927581 80.238 133.1611
1604.470591 79.118 104.4053
1616.097246 79.061 64.7026
1627.808153 78.806 17.5513
1639.603922 77.348 -23.0112
1651.485168 75.448 -47.3672
1663.452510 75.198 -52.1494
1675.506573 77.478 -26.3784
1687.647984 80.253 -40.2896
1699.877377 82.037 -70.0288
1712.195390 82.883 -100.0200
1724.602663 83.428 -127.5522
1737.099845 83.533 -160.3149
1749.687587 82.109 167.6387
1762.366544 79.247 150.9453
1775.137379 76.394 126.4561
1788.000756 74.502 -94.5400
1800.957346 74.038 -118.8770
1814.007826 74.853 -124.7769
1827.152874 75.512 -142.0752
1840.393177 75.325 -145.5557
1853.729425 75.566 -143.4424
1867.162312 75.556 -166.4883
1880.692540 74.709 177.7095
1894.320813 74.336 168.2661
1908.047843 74.406 136.4033
1921.874344 74.840 -20.1602
1935.801038 76.447 -78.6665
1949.828650 78.435 -105.7798
1963.957912 79.004 -142.3115
1978.189561 77.897 -169.9561
1992.524338 76.509 -171.9463
2006.962991 76.864 -145.7935
2021.506272 78.440 -139.8604
2036.154940 79.695 -157.7354
2050.909758 80.761 -173.0132
2065.771495 81.011 160.1396
2080.740927 79.724 134.3418
2095.818833 78.840 170.2866
2111.006001 80.692 -157.2852
2126.303220 82.830 176.5210
2141.711290 83.448 142.8145
2157.231013 82.440 113.1289
2172.863198 80.488 89.2231
2188.608660 78.249 64.2803
2204.468221 77.033 -1.9136
2220.442706 77.886 -141.4355
2236.532950 79.508 -173.4609
2252.739789 81.252 163.7866
2269.064070 82.520 139.3452
2285.506644 82.434 112.1597
2302.068367 81.329 87.5186
2318.750104 79.527 63.9653
2335.552723 77.447 82.3110
2352.477101 76.771 126.9609
2369.524119 77.206 129.2227
2386.694668 77.802 127.2153
2403.989641 77.632 108.6040
2421.409941 76.753 100.0938
2438.956476 76.938 118.3120
2456.630160 79.033 131.0688
2474.431915 81.819 128.3535
2492.362668 83.678 102.8179
2510.423356 83.660 68.7412
2528.614918 81.988 36.7090
2546.938304 79.322 7.1226
2565.394469 77.517 -57.5620
2583.984375 77.543 150.9521
2602.708991 77.572 112.7031
2621.569293 76.783 89.4648
2640.566265 75.481 73.6816
2659.700897 74.318 71.9766
2678.974186 75.428 108.6758
2698.387137 78.082 109.7246
2717.940763 79.921 80.7363
2737.636082 80.577 40.8799
2757.474121 80.489 -26.9287
2777.455915 80.629 -174.2070
2797.582506 80.825 133.3818
2817.854942 80.547 101.7383
2838.274281 79.678 77.0352
2858.841586 77.988 63.0664
2879.557931 76.276 53.9932
2900.424394 75.166 52.8408
2921.442065 74.958 95.9551
2942.612039 75.494 94.1152
2963.935418 76.397 89.5664
2985.413316 77.606 91.3369
3007.046852 78.247 78.6943
3028.837153 77.900 57.8291
3050.785356 76.777 40.7109
3072.892604 75.935 71.6387
3095.160050 76.258 90.4287
3117.588856 76.895 75.0615
3140.180190 77.114 62.1982
3162.935230 76.409 47.8740
3185.855163 75.161 60.7422
3208.941182 75.462 85.8477
3232.194493 76.809 78.5664
3255.616307 77.969 65.4385
3279.207844 77.898 40.4834
3302.970336 76.482 17.8955
3326.905021 75.727 59.9961
3351.013146 76.652 100.9727
3375.295969 77.227 79.2246
3399.754755 77.011 58.8516
3424.390779 76.035 44.6562
3449.205326 74.521 36.3320
3474.199690 73.068 38.8857
3499.375173 73.008 58.0576
3524.733088 74.225 74.0869
3550.274757 75.082 62.2842
3576.001511 75.449 46.2725
3601.914692 76.208 44.0508
3628.015651 77.292 92.4111
3654.305748 78.524 77.3340
3680.786354 79.160 46.8008
3707.458849 78.505 16.0459
3734.324624 76.815 42.1074
3761.385080 76.305 90.1279
3788.641627 77.539 74.6738
3816.095686 78.182 49.5166
3843.748688 77.293 25.2793
3871.602076 75.187 14.4561
3899.657300 74.044 55.0225
3927.915825 75.423 75.4551
3956.379122 77.078 79.5869
3985.048676 77.837 62.2822
4013.925981 77.401 37.5664
4043.012544 76.000 29.3076
4072.309879 75.591 54.1953
4101.819515 76.409 48.4590
4131.542990 76.688 22.4590
4161.481854 76.148 -0.3066
4191.637667 75.856 83.6328
4222.012001 76.250 67.6904
4252.606441 75.849 42.0215
4283.422580 74.477 33.3184
4314.462026 73.690 44.0918
4345.726396 74.498 53.6289
4377.217321 75.144 38.2793
4408.936442 74.460 16.0762
4440.885413 72.885 5.1084
4473.065899 72.877 44.7441
4505.479579 75.154 88.5840
4538.128141 76.959 63.0332
4571.013288 77.458 28.9385
4604.136735 77.122 28.5527
4637.500207 76.637 64.9316
4671.105446 76.270 39.7803
4704.954201 76.141 19.7031
4739.048239 76.628 82.1475
4773.389336 76.847 72.0098
4807.979283 76.126 45.1807
4842.819883 75.343 30.7412
4877.912952 75.784 34.6924
4913.260320 77.358 97.8262
4948.863830 78.600 72.1797
4984.725337 78.500 33.5391
5020.846712 77.097 10.9580
5057.229836 75.734 69.0215
5093.876609 75.138 54.9082
5130.788938 74.709 40.3896
5167.968750 74.632 78.8096
5205.417982 74.380 65.4141
5243.138586 73.518 51.8262
5281.132530 73.035 53.6533
5319.401793 73.361 49.7559
5357.948371 74.280 49.0117
5396.774274 75.172 36.7686
5435.881525 76.102 56.4463
5475.272163 77.443 105.1279
5514.948243 77.930 70.7607
5554.911831 77.318 47.2598
5595.165012 77.006 64.4922
5635.709884 76.750 53.7646
5676.548561 75.570 43.8271
5717.683172 74.344 57.0098
5759.115861 73.823 52.0830
5800.848789 74.086 54.3398
5842.884130 74.577 51.4395
5885.224077 74.889 56.6904
5927.870837 74.903 45.6094
5970.826633 74.321 30.8027
6014.093704 74.223 69.8574
6057.674306 74.551 73.5986
6101.570711 74.422 61.0381
6145.785208 74.487 66.5186
6190.320101 75.144 65.7812
6235.177712 75.378 50.8047
6280.360380 74.835 39.8584
6325.870460 74.478 46.7676
6371.710325 74.933 56.2920
6417.882365 75.617 61.9961
6464.388986 76.497 58.4541
6511.232613 76.266 38.1650
6558.415689 74.600 35.2295
6605.940673 73.384 53.0869
6653.810042 73.530 56.3740
6702.026292 74.136 56.5293
6750.591937 75.166 55.9717
6799.509509 75.915 45.8477
6848.781558 75.819 36.1387
6898.410653 75.753 42.6230
6948.399380 76.026 45.0146
6998.750346 76.579 55.6084
7049.466176 77.234 49.8779
7100.549514 77.207 35.9482
7152.003023 76.619 28.9434
7203.829385 76.148 33.2236
7256.031302 76.042 30.1279
7308.611496 76.322 33.5859
7361.572708 76.937 29.7422
7414.917698 76.918 19.8301
7468.649249 76.636 17.2295
7522.770160 76.311 13.2217
7577.283253 76.189 27.3477
7632.191371 76.440 24.3799
7687.497376 76.901 19.5596
7743.204151 77.844 26.0479
7799.314600 78.243 13.3809
7855.831649 77.492 6.9824
7912.758244 76.865 17.8643
7970.097352 77.139 26.1172
8027.851962 77.816 19.5312
8086.025087 77.938 5.8936
8144.619758 77.418 -3.3047
8203.639030 76.778 -11.1182
8263.085980 76.302 -12.2754
8322.963708 76.097 8.4775
8383.275334 75.525 0.0020
8444.024002 74.303 5.9082
8505.212881 73.893 17.7041
8566.845160 74.750 19.3799
8628.924051 75.665 12.1299
8691.452792 75.517 1.3271
8754.434642 74.739 -2.3809
8817.872884 74.118 -2.8896
8881.770826 74.089 6.2393
8946.131799 74.377 5.5879
9010.959157 74.295 -3.2188
9076.256282 74.197 -10.0693
9142.026576 74.611 -2.4141
9208.273470 75.355 5.7607
9275.000415 75.840 2.6445
9342.210891 75.791 -6.4814
9409.908403 74.965 -2.7012
9478.096478 74.574 10.8389
9546.778672 74.919 11.6328
9615.958566 75.383 5.9121
9685.639765 75.479 0.1465
9755.825904 75.316 1.5674
9826.520640 74.911 2.0713
9897.727659 74.272 -6.2471
9969.450674 73.115 -14.9902
10041.693423 72.312 -2.3496
10114.459673 73.037 13.1982
10187.753217 73.780 5.8975
10261.577877 73.728 -1.7363
10335.937500 73.813 -1.5850
10410.835964 74.665 5.9531
10486.277173 75.641 8.9443
10562.265060 75.906 -3.2920
10638.803587 75.576 -14.1436
10715.896743 74.968 -13.4990
10793.548548 74.476 -11.5986
10871.763050 74.033 -13.7393
10950.544327 73.949 -10.2227
11029.896485 74.592 -7.8369
11109.823662 75.032 -17.6816
11190.330024 74.727 -27.2529
11271.419768 73.880 -26.7363
11353.097122 73.343 -20.0527
11435.366344 73.152 -21.7285
11518.231722 72.760 -29.4648
11601.697577 71.879 -35.7979
11685.768261 70.856 -34.8057
11770.448155 70.390 -30.5840
11855.741674 70.229 -32.8125
11941.653265 70.035 -30.9678
12028.187408 69.618 -30.1660
12115.348612 68.638 -34.1797
12203.141422 67.893 -20.9258
12291.570415 68.318 0.7695
12380.640201 68.821 -4.0293
12470.355424 68.512 -7.1104
12560.720760 67.931 0.8613
12651.740920 68.005 8.6426
12743.420650 69.131 18.9785
12835.764729 70.805 22.4053
12928.777972 72.054 12.1387
13022.465227 72.498 -0.5430
13116.831378 72.438 -5.9004
13211.881345 72.894 -2.5352
13307.620084 73.776 -4.2900
13404.052584 74.187 -13.2041
13501.183875 73.723 -21.8379
13599.019019 72.726 -28.6143
13697.563116 71.569 -32.5820
13796.821305 70.851 -28.1855
13896.798760 70.815 -24.3545
13997.500692 70.657 -30.5967
14098.932352 70.111 -32.4541
14201.099028 69.833 -30.9150
14304.006046 69.772 -33.0010
14407.658770 69.735 -31.7666
14512.062604 69.870 -32.1406
14617.222992 69.827 -39.1445
14723.145416 69.571 -45.3789
14829.835397 69.406 -50.7061
14937.298497 68.948 -58.2129
15045.540320 68.144 -61.1680
15154.566507 67.449 -62.1523
15264.382743 66.833 -68.5283
15374.994752 66.074 -73.2539
15486.408302 65.254 -78.8721
15598.629201 64.337 -86.8916
15711.663298 63.543 -89.9619
15825.516487 63.069 -85.1465
15940.194703 62.448 -88.8477
16055.703925 62.136 -84.7520
16172.050174 62.030 -89.5273
16289.239516 61.089 -104.5342
16407.278061 60.371 27.0195
16526.171961 60.724 52.6338
16645.927415 61.160 38.1143
16766.550667 61.053 20.6621
16888.048005 61.324 32.1338
17010.425762 62.230 35.5957
17133.690320 62.969 25.3438
17257.848103 63.354 13.2656
17382.905584 63.280 5.3711
17508.869284 63.180 17.5312
17635.745768 63.536 20.8672
17763.541652 63.800 14.6240
17892.263597 63.755 6.5820
18021.918315 63.391 1.9434
18152.512564 63.458 5.6475
18284.053153 64.042 2.4443
18416.546939 64.386 -6.5889
18550.000830 64.136 -15.9697
18684.421783 63.701 -19.0674
18819.816805 63.454 -24.7979
18956.192956 62.776 -36.3848
19093.557344 61.376 -46.5098
19231.917131 59.556 -48.3643
19371.279531 58.184 -39.5078
19511.651807 57.596 -36.9062
19653.041280 56.835 -45.5371
19795.455318 55.248 -55.1387
19938.901348 53.439 -54.2627
