* Measurement data measured by REW V5.31.1
* Source: Scarlett 2i4 USB, MICROPHONE, R, volume: no control
* Format: 512k Log Swept Sine, 1 sweep at -18.0 dBFS with no timing reference
* Dated: May 7, 2024 4:16:41 PM
* REW Settings:
*  C-weighting compensation: Off
*  Target level: 75.0 dB
* Note: ; 
* Measurement: front-l12-r12-p2-l
* Smoothing: 1/48 octave
* Frequency Step: 96 ppo
* Start Frequency: 10.093689 Hz
*
* Freq(Hz) SPL(dB) Phase(degrees)
10.093689 42.838 68.0598
10.166832 42.948 64.7823
10.240505 43.083 61.3610
10.314712 43.221 57.8812
10.389457 43.355 54.4094
10.464743 43.470 50.9564
10.540575 43.555 47.3307
10.616956 43.615 43.5951
10.693891 43.648 39.8571
10.771383 43.650 36.2097
10.849437 43.622 32.4749
10.928057 43.564 28.5642
11.007246 43.468 24.6177
11.087009 43.326 20.7822
11.167350 43.138 17.0079
11.248273 42.906 13.0190
11.329783 42.617 8.9573
11.411883 42.251 5.0244
11.494578 41.809 1.2978
11.577873 41.303 -2.6064
11.661771 40.690 -6.5793
11.746277 39.910 -10.3470
11.831395 38.916 -13.6654
11.917130 37.713 -16.9003
12.003487 36.326 -19.8694
12.090469 34.753 -21.9261
12.178081 32.824 -21.7417
12.266329 30.445 -16.6205
12.355216 28.294 6.3218
12.444747 27.598 65.8559
12.534926 29.228 93.4930
12.625760 32.243 100.0694
12.717251 35.312 100.6678
12.809406 37.660 98.8490
12.902228 39.350 95.7689
12.995723 40.684 92.2092
13.089895 41.824 88.4769
13.184750 42.843 84.5002
13.280292 43.698 80.1473
13.376526 44.420 75.7631
13.473458 45.054 71.5153
13.571093 45.600 67.0517
13.669434 46.052 62.4381
13.768489 46.430 57.9614
13.868261 46.741 53.5956
13.968756 46.981 49.0142
14.069979 47.155 44.4839
14.171936 47.272 40.2145
14.274632 47.328 35.8538
14.378072 47.327 31.4903
14.482261 47.275 27.3951
14.587206 47.171 23.4234
14.692910 47.018 19.4845
14.799381 46.824 15.7907
14.906624 46.591 12.4136
15.014643 46.321 9.2144
15.123446 46.033 6.2820
15.233036 45.732 3.7662
15.343421 45.423 1.6362
15.454606 45.136 -0.2026
15.566596 44.890 -1.6769
15.679398 44.686 -2.6921
15.793018 44.552 -3.5659
15.907460 44.511 -4.3862
16.022732 44.555 -5.0235
16.138840 44.679 -5.8865
16.255788 44.883 -7.0931
16.373585 45.156 -8.5010
16.492234 45.466 -10.3204
16.611744 45.803 -12.5920
16.732119 46.156 -15.1605
16.853367 46.498 -17.9791
16.975494 46.826 -21.1284
17.098505 47.131 -24.4055
17.222408 47.402 -27.6532
17.347209 47.638 -31.0282
17.472914 47.838 -34.2466
17.599530 47.999 -37.1973
17.727063 48.125 -39.9993
17.855521 48.229 -42.3508
17.984909 48.310 -44.2522
18.115235 48.392 -45.7246
18.246506 48.499 -46.6299
18.378727 48.639 -46.9850
18.511907 48.843 -47.0230
18.646052 49.130 -46.7044
18.781169 49.494 -46.2453
18.917265 49.934 -46.0266
19.054347 50.444 -45.9245
19.192423 50.984 -46.2491
19.331499 51.538 -47.0236
19.471583 52.083 -48.1366
19.612682 52.588 -49.6332
19.754804 53.051 -51.4285
19.897956 53.455 -53.2961
20.042144 53.795 -55.3240
20.187378 54.076 -57.2457
20.333664 54.298 -58.9981
20.481010 54.474 -60.5624
20.629424 54.620 -61.7225
20.778913 54.748 -62.5624
20.929486 54.889 -63.0499
21.081150 55.053 -63.1680
21.233912 55.259 -63.1727
21.387782 55.517 -63.0470
21.542767 55.815 -63.0467
21.698874 56.149 -63.2787
21.856113 56.495 -63.7509
22.014492 56.830 -64.5721
22.174018 57.144 -65.6151
22.334700 57.415 -66.8156
22.496546 57.644 -68.1082
22.659566 57.830 -69.2654
22.823766 57.981 -70.3098
22.989157 58.120 -71.0285
23.155745 58.259 -71.4727
23.323542 58.433 -71.6482
23.492554 58.651 -71.6062
23.662790 58.929 -71.6047
23.834261 59.263 -71.6648
24.006973 59.636 -72.0688
24.180938 60.033 -72.7575
24.356163 60.422 -73.8091
24.532658 60.795 -75.1077
24.710431 61.134 -76.5288
24.889493 61.444 -77.9641
25.069853 61.734 -79.2245
25.251519 62.027 -80.2860
25.434502 62.347 -81.0291
25.618811 62.726 -81.6422
25.804456 63.182 -82.1186
25.991445 63.720 -82.8688
26.179790 64.334 -83.8956
26.369500 64.991 -85.5578
26.560584 65.671 -87.7560
26.753053 66.338 -90.6079
26.946917 66.973 -93.9437
27.142185 67.561 -97.7441
27.338869 68.094 -101.8161
27.536977 68.571 -106.1388
27.736522 68.994 -110.5510
27.937512 69.368 -115.0435
28.139959 69.700 -119.5643
28.343872 69.994 -124.0908
28.549264 70.253 -128.6535
28.756143 70.476 -133.2403
28.964522 70.659 -137.8592
29.174411 70.795 -142.5390
29.385821 70.876 -147.1787
29.598763 70.896 -151.7887
29.813248 70.850 -156.2399
30.029287 70.739 -160.4149
30.246891 70.569 -164.2575
30.466073 70.356 -167.5840
30.686842 70.124 -170.3976
30.909212 69.893 -172.6359
31.133193 69.695 -174.4255
31.358797 69.539 -175.9046
31.586035 69.430 -177.2072
31.814921 69.349 -178.5266
32.045465 69.276 -179.8199
32.277680 69.193 178.9507
32.511577 69.095 178.0252
32.747169 69.008 177.6118
32.984469 68.974 177.8104
33.223488 69.058 178.6229
33.464239 69.314 179.5519
33.706735 69.746 -179.9218
33.950987 70.319 179.7228
34.197010 70.949 178.0757
34.444816 71.563 175.2456
34.694417 72.107 171.4480
34.945827 72.546 166.9220
35.199059 72.869 162.0929
35.454126 73.086 157.2516
35.711041 73.220 152.6008
35.969818 73.305 148.3432
36.230470 73.388 144.5437
36.493011 73.508 141.0587
36.757455 73.682 137.7063
37.023814 73.914 134.2781
37.292104 74.182 130.5832
37.562338 74.460 126.6041
37.834530 74.729 122.4549
38.108695 74.989 118.2675
38.384846 75.255 114.1640
38.662999 75.552 110.1995
38.943167 75.907 106.2583
39.225365 76.323 102.1375
39.509608 76.784 97.6884
39.795911 77.265 92.8754
40.084289 77.742 87.7934
40.374756 78.214 82.6566
40.667328 78.711 77.7150
40.962020 79.297 73.0276
41.258848 80.027 68.3262
41.557827 80.923 63.0865
41.858972 81.947 56.7610
42.162299 83.023 49.0095
42.467824 84.064 39.7781
42.775564 85.000 29.2385
43.085533 85.782 17.6902
43.397749 86.386 5.4869
43.712227 86.799 -6.9971
44.028983 87.023 -19.4088
44.348036 87.071 -31.4292
44.669400 86.964 -42.7717
44.993093 86.736 -53.1965
45.319131 86.432 -62.5424
45.647532 86.099 -70.7599
45.978313 85.785 -77.9286
46.311491 85.518 -84.2256
46.647083 85.312 -89.8499
46.985107 85.166 -94.9449
47.325581 85.080 -99.5760
47.668521 85.058 -103.7665
48.013947 85.116 -107.5597
48.361876 85.269 -111.0614
48.712326 85.528 -114.4434
49.065315 85.893 -117.9196
49.420863 86.351 -121.7086
49.778987 86.878 -125.9873
50.139706 87.443 -130.8440
50.503039 88.015 -136.2549
50.869005 88.579 -142.1112
51.237623 89.136 -148.2943
51.608912 89.701 -154.7802
51.982891 90.290 -161.7123
52.359580 90.894 -169.3722
52.739000 91.475 -178.0436
53.121168 91.972 172.1396
53.506106 92.317 161.2621
53.893833 92.452 149.5693
54.284370 92.335 137.4373
54.677737 91.943 125.3503
55.073955 91.273 113.8566
55.473043 90.349 103.5231
55.875024 89.229 94.8414
56.279917 87.998 88.1023
56.687745 86.755 83.2202
57.098527 85.572 79.7225
57.512287 84.462 77.1463
57.929045 83.406 75.4538
58.348822 82.412 74.9776
58.771642 81.549 75.9436
59.197525 80.918 77.9990
59.626495 80.578 80.3034
60.058573 80.515 82.0532
60.493782 80.668 82.6938
60.932145 80.954 81.8358
61.373685 81.274 79.2788
61.818424 81.521 75.1537
62.266386 81.619 69.9784
62.717593 81.538 64.4031
63.172071 81.306 59.0341
63.629842 80.986 54.1906
64.090930 80.641 49.7911
64.555359 80.310 45.4862
65.023154 79.989 40.9360
65.494339 79.659 35.9933
65.968938 79.302 30.6340
66.446976 78.912 24.8113
66.928478 78.486 18.3877
67.413469 78.011 11.1696
67.901975 77.472 2.9684
68.394021 76.856 -6.3805
68.889632 76.169 -17.1229
69.388835 75.444 -29.6088
69.891655 74.754 -44.3930
70.398118 74.224 -62.0176
70.908252 74.003 -82.6159
71.422083 74.194 -105.1825
71.939636 74.765 -127.8199
72.460941 75.563 -148.7549
72.986023 76.421 -167.3093
73.514909 77.227 176.5740
74.047629 77.946 162.6326
74.584208 78.593 150.5105
75.124676 79.196 139.6633
75.669061 79.760 129.3917
76.217390 80.243 119.0574
76.769692 80.581 108.3896
77.325997 80.718 97.4623
77.886333 80.628 86.6123
78.450730 80.314 76.0388
79.019216 79.781 65.7229
79.591822 78.998 55.5101
80.168577 77.882 45.4307
80.749512 76.316 36.0463
81.334656 74.181 28.8989
81.924040 71.478 27.8484
82.517696 68.996 48.8856
83.115653 69.152 108.1572
83.717943 71.726 125.6213
84.324598 74.319 123.5986
84.935649 76.296 116.2726
85.551128 77.682 107.3127
86.171066 78.604 98.3350
86.795497 79.208 90.2522
87.424453 79.656 83.5005
88.057967 80.102 77.9211
88.696071 80.642 72.6725
89.338800 81.265 66.6990
89.986185 81.898 59.5212
90.638262 82.490 51.2993
91.295065 83.046 42.1023
91.956626 83.554 31.3812
92.622982 83.915 18.4104
93.294166 83.967 3.1392
93.970214 83.567 -13.5764
94.651161 82.647 -30.2954
95.337042 81.241 -45.4199
96.027894 79.494 -57.7605
96.723752 77.634 -67.1753
97.424652 75.898 -74.4644
98.130631 74.497 -80.6251
98.841726 73.591 -86.9056
99.557974 73.225 -94.5206
100.279412 73.348 -103.8790
101.006078 73.862 -115.3396
101.738010 74.559 -129.3754
102.475245 75.182 -145.3282
103.217823 75.601 -161.5548
103.965782 75.831 -176.7975
104.719161 75.906 169.1599
105.477999 75.797 156.1438
106.242336 75.447 144.4227
107.012212 74.836 134.7479
107.787666 74.014 128.1389
108.568740 73.147 125.7578
109.355474 72.554 128.0219
110.147909 72.562 133.2889
110.946086 73.204 137.9080
111.750047 74.155 139.1565
112.559834 75.097 137.7727
113.375489 75.964 135.8298
114.197055 76.823 133.7467
115.024574 77.661 130.5610
115.858089 78.395 126.0203
116.697645 78.976 120.7217
117.543284 79.406 115.1471
118.395051 79.696 109.5768
119.252990 79.879 104.4873
120.117147 80.028 100.2510
120.987565 80.221 96.6218
121.864291 80.475 92.8817
122.747370 80.739 88.3939
123.636848 80.936 83.1847
124.532771 81.036 77.7250
125.435187 81.024 71.7428
126.344142 80.794 64.7316
127.259684 80.220 57.9463
128.181860 79.347 54.0376
129.110718 78.460 54.4917
130.046308 77.904 57.6895
130.988677 77.759 59.9928
131.937875 77.748 59.1948
132.893951 77.547 56.6880
133.856956 77.111 55.8358
134.826938 76.803 60.3511
135.803950 77.190 68.8593
136.788041 78.162 71.8168
137.779264 79.051 67.6040
138.777669 79.542 61.2041
139.783309 79.750 56.0773
140.796237 79.914 52.4600
141.816504 80.115 48.2681
142.844165 80.199 42.0527
143.879273 79.963 34.6005
144.921881 79.336 28.1637
145.972045 78.455 24.8195
147.029819 77.609 24.9963
148.095257 77.091 26.7811
149.168417 76.937 26.8868
150.249353 76.886 23.5222
151.338121 76.618 17.4255
152.434780 75.965 10.9561
153.539385 74.958 5.7202
154.651995 73.661 0.7366
155.772667 71.982 -6.0317
156.901460 69.778 -14.2080
158.038432 67.774 -12.7219
159.183644 68.264 123.3856
160.337154 70.456 117.0240
161.499023 72.250 106.9844
162.669312 73.408 100.3879
163.848081 74.297 98.4089
165.035392 75.279 99.9219
166.231306 76.493 101.9933
167.435887 77.801 101.6754
168.649196 79.028 99.0946
169.871298 80.164 95.9838
171.102255 81.262 92.4813
172.342133 82.312 88.0350
173.590995 83.247 82.0844
174.848907 83.981 74.7667
176.115934 84.485 66.9092
177.392143 84.765 58.7899
178.677599 84.777 50.1968
179.972371 84.451 41.9103
181.276525 83.808 35.9575
182.590129 83.073 34.4977
183.913252 82.661 37.4464
185.245964 82.882 41.4371
186.588332 83.651 42.8954
187.940428 84.582 39.6171
189.302322 85.279 31.7557
190.674085 85.490 21.2485
192.055788 85.127 10.7079
193.447503 84.246 2.5121
194.849303 82.993 -2.2228
196.261262 81.586 -2.1923
197.683452 80.573 6.4061
199.115948 80.806 21.3408
200.558824 82.137 28.4327
202.012156 83.563 24.9292
203.476019 84.483 15.3820
204.950490 84.725 3.7722
206.435646 84.340 -6.6337
207.931564 83.510 -13.8315
209.438322 82.458 -17.6671
210.955998 81.341 -19.0398
212.484672 80.303 -16.6696
214.024424 79.652 -9.5375
215.575333 79.498 -4.7560
217.137481 79.538 -3.3033
218.710948 79.888 2.5658
220.295818 80.939 11.1655
221.892172 82.350 12.0585
223.500094 83.500 5.6740
225.119668 84.184 -2.8665
226.750978 84.527 -10.5269
228.394109 84.700 -17.6090
230.049147 84.696 -25.7040
231.716178 84.398 -34.5364
233.395289 83.735 -42.6549
235.086567 82.753 -47.9404
236.790102 81.682 -48.8282
238.505980 80.820 -47.0372
240.234293 80.349 -44.3309
241.975130 80.439 -39.6021
243.728581 81.151 -36.0759
245.494739 82.078 -39.1921
247.273695 82.699 -48.2765
249.065542 82.760 -59.8750
250.870374 82.256 -70.8641
252.688284 81.317 -79.7351
254.519367 80.039 -87.5669
256.363720 78.337 -94.5746
258.221437 76.189 -94.9008
260.092616 74.354 -74.7751
261.977354 74.310 -47.5994
263.875750 75.613 -41.2207
265.787903 77.027 -42.8041
267.713911 78.333 -45.5449
269.653877 79.570 -50.3501
271.607900 80.619 -58.9338
273.576083 81.297 -70.9073
275.558528 81.494 -84.8058
277.555338 81.151 -99.4106
279.566619 80.250 -113.0337
281.592474 78.878 -123.1473
283.633009 77.298 -128.4099
285.688331 75.839 -131.0509
287.758546 74.649 -133.7523
289.843763 73.727 -136.0869
291.944090 73.193 -136.8979
294.059638 73.110 -140.2174
296.190515 73.078 -150.3374
298.336833 72.572 -165.2764
300.498705 71.361 179.9402
302.676243 69.584 169.8816
304.869559 67.775 166.1530
307.078770 66.953 169.2141
309.303989 67.637 165.4369
311.545334 68.721 142.8719
313.802919 69.542 105.8313
316.076865 70.643 50.0242
318.367288 72.678 -23.6577
320.674309 75.237 -79.8884
322.998047 77.561 -120.5342
325.338624 79.279 -154.8828
327.696162 80.303 174.7075
330.070783 80.706 148.6780
332.462612 80.696 127.7305
334.871773 80.539 111.5049
337.298392 80.408 97.9648
339.742595 80.240 85.0315
342.204510 79.881 73.1025
344.684265 79.342 64.2246
347.181989 78.842 59.0461
349.697813 78.655 56.4421
352.231868 78.986 55.3999
354.784285 79.793 52.7612
357.355198 80.658 44.6575
359.944741 81.116 31.7795
362.553049 80.942 17.5220
365.180258 80.116 4.8835
367.826505 78.749 -3.6787
370.491927 77.108 -5.4807
373.176665 75.740 0.0537
375.880856 75.239 7.7864
378.604644 75.686 13.9167
381.348169 76.554 13.9666
384.111575 77.083 5.7458
386.895006 76.844 -4.6316
389.698607 76.165 -5.5979
392.522524 76.176 6.3567
395.366904 77.137 9.2454
398.231895 78.160 2.5249
401.117648 78.911 -5.6814
404.024312 79.443 -14.9595
406.952038 79.701 -26.5471
409.900981 79.640 -39.0930
412.871292 79.248 -52.9165
415.863128 78.390 -68.4827
418.876643 76.920 -83.2278
421.911996 74.967 -92.2673
424.969344 73.071 -97.6921
428.048847 71.569 -109.5920
431.150666 70.419 -125.3755
434.274961 70.305 -142.8276
437.421897 71.562 -168.8577
440.591636 73.217 159.4438
443.784345 74.630 130.4492
447.000189 75.797 107.8293
450.239337 76.838 90.2278
453.501956 77.733 74.9314
456.788219 78.458 61.7249
460.098294 79.022 49.6128
463.432356 79.313 37.0090
466.790578 79.336 26.4927
470.173135 79.297 18.0994
473.580203 79.244 9.3542
477.011961 79.073 0.0962
480.468586 78.767 -8.6333
483.950259 78.361 -17.8208
487.457163 77.644 -30.4556
490.989478 76.200 -44.3196
494.547390 73.846 -51.3000
498.131084 70.914 -43.9170
501.740748 68.262 -26.3491
505.376568 66.889 -11.8127
509.038735 67.987 33.4192
512.727439 71.163 62.3171
516.442874 74.485 64.2939
520.185232 77.207 56.9062
523.954708 79.126 43.2148
527.751500 80.240 27.4470
531.575805 80.639 11.9824
535.427822 80.458 -0.9111
539.307753 79.961 -10.1479
543.215800 79.410 -16.5735
547.152165 79.085 -19.6604
551.117055 78.985 -25.6047
555.110677 78.485 -37.0825
559.133237 77.327 -41.9353
563.184947 76.315 -36.3420
567.266018 75.977 -36.5295
571.376661 75.781 -42.5408
575.517092 75.861 -39.1816
579.687526 76.684 -35.9180
583.888181 77.105 -52.6013
588.119275 76.094 -73.8257
592.381030 73.721 -86.6826
596.673667 70.678 -93.9885
600.997410 68.166 -71.5483
605.352485 67.698 16.9324
609.739119 68.413 7.9922
614.157540 69.344 10.3257
618.607979 70.419 10.9155
623.090667 71.553 11.2349
627.605839 73.402 19.9302
632.153730 75.664 19.7412
636.734576 77.327 7.1516
641.348617 77.680 -13.0940
645.996094 76.759 -28.9082
650.677248 75.142 -37.5500
655.392323 73.813 -23.4595
660.141566 74.503 5.5125
664.925224 76.397 4.4458
669.743546 77.775 -8.6470
674.596784 78.086 -24.8689
679.485191 77.628 -33.3755
684.409020 77.281 -35.5945
689.368530 77.079 -44.2500
694.363979 76.460 -54.8359
699.395626 75.330 -61.8994
704.463736 73.970 -63.9263
709.568570 72.847 -61.7463
714.710396 72.737 -53.4441
719.889483 73.968 -50.0083
725.106099 75.476 -63.8286
730.360516 76.420 -92.9514
735.653010 77.017 -137.5847
740.983855 77.971 154.7854
746.353329 79.258 89.4780
751.761713 80.016 42.6948
757.209288 79.702 8.7168
762.696339 78.705 -8.6494
768.223151 78.432 -10.0657
773.790013 79.174 -17.6895
779.397214 79.616 -33.8044
785.045047 79.541 -45.5457
790.733808 79.563 -55.8455
796.463791 79.551 -71.1934
802.235296 79.609 -82.8584
808.048623 80.143 -99.4360
813.904077 80.206 -133.4050
819.801961 79.061 -177.7078
825.742584 77.242 143.3826
831.726255 76.530 171.8245
837.753287 77.094 104.2466
843.823992 77.608 51.8235
849.938689 78.476 19.6677
856.097695 80.063 -5.0740
862.301332 81.551 -33.4458
868.549922 82.278 -67.1406
874.843793 82.062 -104.9185
881.183272 80.923 -147.0635
887.568689 78.819 166.3455
894.000378 75.706 126.8274
900.478673 72.582 134.5120
907.003913 72.172 124.6335
913.576437 73.653 90.8726
920.196588 75.442 64.5918
926.864712 77.569 47.7820
933.581156 79.282 24.6240
940.346270 79.780 -5.7952
947.160407 79.123 -36.2029
954.023921 78.068 -65.8103
960.937172 78.066 -35.0488
967.900519 79.451 40.5693
974.914325 80.995 6.2017
981.978956 81.667 -27.8347
989.094780 80.774 -60.2810
996.262169 78.325 -77.7498
1003.481495 75.785 -73.5532
1010.753136 75.334 -80.6602
1018.077470 76.150 -29.3911
1025.454879 77.057 -1.0698
1032.885748 77.372 -31.0273
1040.370463 76.785 -55.1636
1047.909417 75.523 -71.9238
1055.503000 74.190 -69.7378
1063.151610 73.696 -67.1699
1070.855645 73.506 -73.8706
1078.615506 73.930 -73.6267
1086.431599 74.849 -82.8379
1094.304330 75.654 -97.3513
1102.234110 76.847 -114.6172
1110.221353 78.116 -143.9180
1118.266475 79.255 -179.9666
1126.369895 80.067 137.5718
1134.532035 79.978 92.5310
1142.753322 78.940 55.3887
1151.034184 78.240 38.4014
1159.375052 79.138 20.6616
1167.776361 79.811 -16.3701
1176.238550 78.933 -62.1875
1184.762060 77.676 -147.2300
1193.347334 78.731 94.3262
1201.994821 80.478 53.1094
1210.704971 81.128 17.9644
1219.478238 80.940 -8.1299
1228.315080 80.675 -25.9282
1237.215957 80.354 -45.7402
1246.181334 79.202 -63.8286
1255.211678 77.513 -71.0420
1264.307459 75.916 -79.3125
1273.469152 74.485 -88.4229
1282.697235 73.215 -98.3130
1291.992188 72.240 -111.0889
1301.354495 71.586 -136.7441
1310.784647 71.249 169.6416
1320.283132 71.619 53.6470
1329.850448 71.854 -12.4702
1339.487093 71.824 -59.0273
1349.193569 72.957 -115.5029
1358.970381 75.084 154.1519
1368.818041 76.914 92.9326
1378.737061 78.740 58.4390
1388.727958 80.396 29.4375
1398.791253 80.642 -3.1538
1408.927471 79.313 -27.9277
1419.137140 77.295 -46.0405
1429.420793 75.381 -48.4263
1439.778965 75.414 14.0093
1450.212197 77.420 16.4712
1460.721033 79.267 2.0269
1471.306019 80.485 -14.6079
1481.967709 80.696 -33.0845
1492.706658 80.372 -40.1016
1503.523426 80.973 -39.0200
1514.418576 81.854 -52.0854
1525.392678 81.686 -68.9766
1536.446302 81.076 -75.2803
1547.580025 81.275 -81.6851
1558.794428 82.039 -96.2231
1570.090095 82.196 -125.8501
1581.467615 81.643 -170.3853
1592.927581 81.292 70.6514
1604.470591 81.142 -13.5366
1616.097246 80.793 -48.3735
1627.808153 80.785 -65.6143
1639.603922 81.369 -81.0410
1651.485168 81.694 -104.6011
1663.452510 81.496 -133.3877
1675.506573 81.303 -136.2666
1687.647984 81.496 -50.4399
1699.877377 81.139 -79.5098
1712.195390 80.488 -77.2407
1724.602663 81.243 -66.9893
1737.099845 82.291 -82.8672
1749.687587 82.538 -97.4185
1762.366544 82.749 -105.0337
1775.137379 83.319 -111.5342
1788.000756 83.841 -124.1787
1800.957346 83.480 -140.3545
1814.007826 82.497 -147.9014
1827.152874 81.540 -156.4380
1840.393177 80.861 -156.0093
1853.729425 81.333 -146.9185
1867.162312 81.941 -156.1436
1880.692540 81.950 -164.6416
1894.320813 81.687 -173.9785
1908.047843 80.937 -173.0913
1921.874344 80.539 -170.6250
1935.801038 80.682 -165.2383
1949.828650 81.396 -161.5771
1963.957912 81.836 178.3398
1978.189561 81.668 152.9810
1992.524338 81.617 170.9673
2006.962991 82.688 -126.8579
2021.506272 83.847 -152.5635
2036.154940 84.401 -174.5015
2050.909758 84.363 164.3115
2065.771495 83.195 144.2373
2080.740927 81.106 138.4204
2095.818833 79.459 148.8252
2111.006001 79.187 151.4375
2126.303220 80.043 157.5708
2141.711290 81.316 154.1216
2157.231013 81.931 138.2930
2172.863198 81.684 117.2412
2188.608660 80.223 93.6230
2204.468221 78.049 78.4268
2220.442706 77.787 -153.2402
2236.532950 79.361 -167.1689
2252.739789 80.616 174.4810
2269.064070 81.371 160.4141
2285.506644 81.816 151.3296
2302.068367 82.753 153.1279
2318.750104 84.260 151.6401
2335.552723 85.244 133.2729
2352.477101 85.331 110.3970
2369.524119 84.358 88.3794
2386.694668 82.616 103.2056
2403.989641 81.799 126.0547
2421.409941 82.317 116.0464
2438.956476 82.692 97.4121
2456.630160 82.127 75.0112
2474.431915 81.222 59.9448
2492.362668 81.694 154.4756
2510.423356 82.992 142.0059
2528.614918 83.594 117.8408
2546.938304 83.373 98.3584
2565.394469 82.345 84.4482
2583.984375 81.234 84.1201
2602.708991 81.539 98.9800
2621.569293 83.009 94.5161
2640.566265 84.099 76.9648
2659.700897 83.913 50.4546
2678.974186 82.270 38.4917
2698.387137 81.277 95.0361
2717.940763 82.369 83.1660
2737.636082 83.265 50.0205
2757.474121 82.761 6.8286
2777.455915 82.195 166.5298
2797.582506 82.837 124.3501
2817.854942 82.909 89.7847
2838.274281 81.694 69.8696
2858.841586 80.517 94.7036
2879.557931 81.233 101.2080
2900.424394 82.580 86.1611
2921.442065 82.794 62.4346
2942.612039 81.419 43.6895
2963.935418 79.498 55.8887
2985.413316 79.031 68.2812
3007.046852 79.015 56.5278
3028.837153 77.990 46.1870
3050.785356 77.500 76.9775
3072.892604 78.618 90.3657
3095.160050 79.358 74.7588
3117.588856 79.094 63.2603
3140.180190 78.719 65.8027
3162.935230 79.191 67.6978
3185.855163 80.227 61.7710
3208.941182 80.707 42.0718
3232.194493 79.795 18.5415
3255.616307 77.520 23.8481
3279.207844 75.521 75.7896
3302.970336 75.281 82.9565
3326.905021 76.222 85.9990
3351.013146 77.450 82.3560
3375.295969 78.352 73.6348
3399.754755 78.885 64.0864
3424.390779 79.143 56.1709
3449.205326 79.219 45.0820
3474.199690 78.437 27.5376
3499.375173 76.457 21.9546
3524.733088 74.514 53.8438
3550.274757 74.395 72.0601
3576.001511 75.558 75.4995
3601.914692 76.371 70.6792
3628.015651 77.130 70.7192
3654.305748 78.333 69.0918
3680.786354 79.347 59.6846
3707.458849 78.939 38.2632
3734.324624 77.074 24.4766
3761.385080 75.313 44.0894
3788.641627 75.546 81.4023
3816.095686 76.336 77.8594
3843.748688 76.168 71.8779
3871.602076 76.595 82.7124
3899.657300 78.090 80.3472
3927.915825 78.879 61.1895
3956.379122 78.099 42.3276
3985.048676 76.591 56.7607
4013.925981 76.054 77.7930
4043.012544 76.093 75.3574
4072.309879 76.116 74.0532
4101.819515 76.601 76.9829
4131.542990 77.714 76.7119
4161.481854 78.889 69.0601
4191.637667 79.699 55.5654
4222.012001 79.631 40.3594
4252.606441 79.078 55.3774
4283.422580 79.056 67.1855
4314.462026 78.760 52.8867
4345.726396 78.423 59.4316
4377.217321 79.389 70.3589
4408.936442 79.896 52.3574
4440.885413 78.865 41.0068
4473.065899 77.603 48.1914
4505.479579 76.952 46.7305
4538.128141 76.548 47.9482
4571.013288 76.511 44.4180
4604.136735 76.574 43.0254
4637.500207 77.459 67.3940
4671.105446 78.753 63.1597
4704.954201 79.094 45.6084
4739.048239 78.895 48.9053
4773.389336 78.957 47.2241
4807.979283 78.296 31.5288
4842.819883 77.067 40.2607
4877.912952 76.437 47.9438
4913.260320 76.596 53.8462
4948.863830 77.354 53.8311
4984.725337 77.639 40.4849
5020.846712 77.517 37.8721
5057.229836 77.268 29.8301
5093.876609 76.434 20.6768
5130.788938 76.169 63.0562
5167.968750 76.534 58.3018
5205.417982 75.995 42.0010
5243.138586 74.998 37.5337
5281.132530 74.301 37.8936
5319.401793 73.967 41.1792
5357.948371 74.036 48.8789
5396.774274 74.499 74.2891
5435.881525 75.208 71.5122
5475.272163 76.096 71.7817
5514.948243 77.047 76.0542
5554.911831 77.390 62.2202
5595.165012 76.689 50.1562
5635.709884 75.610 57.6294
5676.548561 75.495 72.3413
5717.683172 75.963 71.3975
5759.115861 76.416 70.8872
5800.848789 76.723 68.7627
5842.884130 76.671 65.5952
5885.224077 76.977 68.4541
5927.870837 77.687 68.0220
5970.826633 77.993 60.2510
6014.093704 78.084 60.3271
6057.674306 78.296 56.5435
6101.570711 78.149 52.4521
6145.785208 78.169 56.7490
6190.320101 78.457 55.0557
6235.177712 78.499 50.7959
6280.360380 78.352 48.6577
6325.870460 78.169 43.9121
6371.710325 77.754 42.5698
6417.882365 77.781 50.9136
6464.388986 78.412 52.1665
6511.232613 79.131 50.2134
6558.415689 79.587 44.3682
6605.940673 79.631 35.6221
6653.810042 79.048 26.8682
6702.026292 78.232 27.3257
6750.591937 78.034 35.2681
6799.509509 78.680 44.9487
6848.781558 79.325 38.0620
6898.410653 79.307 28.9067
6948.399380 78.969 23.8359
6998.750346 78.699 23.1963
7049.466176 78.764 28.7241
7100.549514 78.920 24.7720
7152.003023 78.768 21.8906
7203.829385 78.617 24.8345
7256.031302 78.708 27.9478
7308.611496 79.152 30.1323
7361.572708 79.250 20.3999
7414.917698 78.700 15.0083
7468.649249 78.121 13.5234
7522.770160 77.770 15.0615
7577.283253 77.969 17.1318
7632.191371 78.325 15.2671
7687.497376 78.711 17.4429
7743.204151 78.756 10.6260
7799.314600 78.330 5.4189
7855.831649 77.967 10.1387
7912.758244 78.131 15.7319
7970.097352 78.426 10.9805
8027.851962 78.226 5.5210
8086.025087 77.943 7.7954
8144.619758 77.670 5.6147
8203.639030 77.342 3.8735
8263.085980 77.162 6.3506
8322.963708 77.647 16.8535
8383.275334 78.516 15.6577
8444.024002 78.992 5.7788
8505.212881 78.638 -6.0220
8566.845160 77.691 -8.1250
8628.924051 77.325 0.3994
8691.452792 77.576 -1.4253
8754.434642 77.548 -11.5342
8817.872884 76.939 -20.2144
8881.770826 76.191 -11.7959
8946.131799 76.012 2.7563
9010.959157 75.937 -2.9521
9076.256282 75.633 -7.4805
9142.026576 75.693 1.8076
9208.273470 76.216 5.9600
9275.000415 76.478 -2.5703
9342.210891 76.644 1.4023
9409.908403 77.059 10.3330
9478.096478 77.273 2.3789
9546.778672 76.720 -8.8198
9615.958566 75.996 -5.6191
9685.639765 76.229 0.8848
9755.825904 76.803 -7.2783
9826.520640 76.579 -19.8491
9897.727659 75.848 -20.6729
9969.450674 75.390 -14.1025
10041.693423 75.241 -22.5459
10114.459673 74.927 -33.7749
10187.753217 74.271 -23.9399
10261.577877 73.376 -12.2759
10335.937500 72.424 -18.6758
10410.835964 72.030 18.0811
10486.277173 72.455 34.3647
10562.265060 72.358 28.2134
10638.803587 72.570 41.1895
10715.896743 73.791 44.2954
10793.548548 74.750 34.4053
10871.763050 75.234 32.9004
10950.544327 75.956 36.2783
11029.896485 76.499 27.7729
11109.823662 76.263 19.3047
11190.330024 75.816 17.9077
11271.419768 75.699 19.0981
11353.097122 75.747 17.2290
11435.366344 75.882 17.8179
11518.231722 76.307 19.6157
11601.697577 76.667 15.7539
11685.768261 76.784 12.6030
11770.448155 77.003 12.3145
11855.741674 77.361 9.9834
11941.653265 77.608 8.5249
12028.187408 77.742 7.0659
12115.348612 77.667 1.2192
12203.141422 77.454 -1.4854
12291.570415 77.481 -1.2788
12380.640201 77.593 -4.7891
12470.355424 77.468 -6.8301
12560.720760 77.640 -4.0391
12651.740920 78.151 -6.9033
12743.420650 78.474 -12.6704
12835.764729 78.656 -18.3364
12928.777972 78.626 -27.1074
13022.465227 78.098 -37.1431
13116.831378 77.006 -43.3833
13211.881345 75.778 -43.0664
13307.620084 74.853 -43.0308
13404.052584 74.054 -44.4072
13501.183875 73.179 -42.1128
13599.019019 72.544 -35.3828
13697.563116 72.148 -32.9409
13796.821305 71.652 -30.4653
13896.798760 71.626 -19.5200
13997.500692 72.095 -17.6812
14098.932352 72.538 -15.1587
14201.099028 72.984 -12.8003
14304.006046 73.161 -17.3999
14407.658770 73.308 -17.5669
14512.062604 73.662 -19.9077
14617.222992 73.869 -25.6548
14723.145416 73.844 -30.7227
14829.835397 73.638 -36.3442
14937.298497 73.237 -40.2402
15045.540320 72.872 -43.7104
15154.566507 72.458 -48.3340
15264.382743 71.993 -53.2627
15374.994752 71.224 -60.4355
15486.408302 70.110 -62.0928
15598.629201 69.214 -63.1758
15711.663298 68.434 -65.6470
15825.516487 67.800 -64.6753
15940.194703 67.111 -67.9521
16055.703925 66.396 -65.1592
16172.050174 65.750 -69.2764
16289.239516 64.773 -67.1211
16407.278061 63.857 -68.4888
16526.171961 63.307 -26.7412
16645.927415 63.558 29.1406
16766.550667 64.718 55.3169
16888.048005 66.177 51.2686
17010.425762 67.738 45.7344
17133.690320 68.928 33.9946
17257.848103 69.635 25.5215
17382.905584 70.272 19.0459
17508.869284 70.817 13.0288
17635.745768 71.018 3.6665
17763.541652 70.562 -3.0757
17892.263597 70.006 -5.5864
18021.918315 69.585 -8.2617
18152.512564 69.282 -9.7207
18284.053153 69.172 -8.0020
18416.546939 69.315 -7.8911
18550.000830 69.375 -10.4004
18684.421783 69.317 -13.5376
18819.816805 69.166 -17.6548
18956.192956 68.808 -23.2476
19093.557344 68.101 -28.4375
19231.917131 67.237 -31.8213
19371.279531 66.318 -33.7715
19511.651807 65.301 -36.8398
19653.041280 64.083 -38.5151
19795.455318 62.822 -38.3828
19938.901348 61.755 -37.9897
