* Measurement data measured by REW V5.31.1
* Source: Scarlett 2i4 USB, MICROPHONE, R, volume: no control
* Format: 512k Log Swept Sine, 1 sweep at -18.0 dBFS with no timing reference
* Dated: May 7, 2024 2:02:06 PM
* REW Settings:
*  C-weighting compensation: Off
*  Target level: 75.0 dB
* Note: ; 
* Measurement: front-empty-p1-l
* Smoothing: 1/48 octave
* Frequency Step: 96 ppo
* Start Frequency: 10.093689 Hz
*
* Freq(Hz) SPL(dB) Phase(degrees)
10.093689 49.681 -53.7495
10.166832 49.705 -54.7832
10.240505 49.734 -56.3697
10.314712 49.761 -58.1546
10.389457 49.765 -59.7963
10.464743 49.656 -61.0500
10.540575 49.367 -62.4031
10.616956 48.952 -63.7452
10.693891 48.424 -64.7216
10.771383 47.772 -64.8284
10.849437 46.911 -63.8400
10.928057 45.881 -61.6395
11.007246 44.879 -57.7439
11.087009 44.145 -51.6777
11.167350 43.819 -42.9611
11.248273 43.829 -31.5596
11.329783 44.111 -19.8643
11.411883 44.631 -10.5340
11.494578 45.417 -4.4763
11.577873 46.494 -0.6531
11.661771 47.679 1.3187
11.746277 48.758 1.8476
11.831395 49.613 1.1537
11.917130 50.314 -0.5592
12.003487 50.890 -2.7805
12.090469 51.351 -5.1650
12.178081 51.695 -7.7840
12.266329 51.918 -10.9882
12.355216 52.024 -14.3500
12.444747 52.020 -17.4508
12.534926 51.906 -20.4743
12.625760 51.678 -23.7729
12.717251 51.329 -26.9510
12.809406 50.850 -29.4981
12.902228 50.226 -31.6107
12.995723 49.478 -33.3377
13.089895 48.636 -34.2854
13.184750 47.686 -33.7795
13.280292 46.599 -31.2903
13.376526 45.586 -26.7723
13.473458 44.934 -20.7533
13.571093 44.749 -12.8669
13.669434 44.920 -4.5210
13.768489 45.318 1.6985
13.868261 45.906 4.7766
13.968756 46.684 5.7005
14.069979 47.452 4.8934
14.171936 48.026 2.5079
14.274632 48.421 -1.7924
14.378072 48.654 -7.0990
14.482261 48.710 -12.7219
14.587206 48.576 -19.8976
14.692910 48.264 -28.6292
14.799381 47.782 -37.8016
14.906624 47.082 -48.6074
15.014643 46.239 -62.9870
15.123446 45.517 -79.8538
15.233036 45.078 -100.5944
15.343421 44.921 -128.2791
15.454606 45.198 -155.7302
15.566596 46.059 -179.9907
15.679398 47.360 158.7586
15.793018 48.712 142.4260
15.907460 49.910 128.2067
16.022732 51.017 114.6891
16.138840 52.000 102.9112
16.255788 52.831 91.4710
16.373585 53.529 79.8060
16.492234 54.122 69.1021
16.611744 54.615 58.1733
16.732119 55.013 46.9528
16.853367 55.332 36.5706
16.975494 55.575 25.7319
17.098505 55.743 14.8652
17.222408 55.840 4.8711
17.347209 55.864 -5.5574
17.472914 55.807 -15.5486
17.599530 55.665 -24.6722
17.727063 55.430 -33.8987
17.855521 55.085 -42.0593
17.984909 54.620 -49.3391
18.115235 54.035 -55.9001
18.246506 53.312 -60.5980
18.378727 52.469 -63.4061
18.511907 51.676 -64.0685
18.646052 51.008 -61.2900
18.781169 50.639 -55.4886
18.917265 50.872 -48.9989
19.054347 51.676 -42.4697
19.192423 52.723 -38.4836
19.331499 53.876 -37.1183
19.471583 55.022 -37.4100
19.612682 56.000 -39.0780
19.754804 56.824 -41.6693
19.897956 57.499 -44.3439
20.042144 58.025 -47.3179
20.187378 58.435 -50.0276
20.333664 58.747 -52.2916
20.481010 58.992 -54.2080
20.629424 59.217 -55.4528
20.778913 59.437 -56.1932
20.929486 59.701 -56.6276
21.081150 60.017 -56.7114
21.233912 60.382 -56.9435
21.387782 60.792 -57.3483
21.542767 61.207 -58.0557
21.698874 61.601 -59.2148
21.856113 61.949 -60.5766
22.014492 62.223 -62.1133
22.174018 62.423 -63.6376
22.334700 62.547 -64.7931
22.496546 62.617 -65.5980
22.659566 62.674 -65.6337
22.823766 62.755 -65.0156
22.989157 62.937 -63.8137
23.155745 63.239 -62.2036
23.323542 63.685 -60.9127
23.492554 64.250 -59.9954
23.662790 64.867 -60.0776
23.834261 65.496 -60.9297
24.006973 66.066 -62.5884
24.180938 66.555 -64.8028
24.356163 66.934 -67.1920
24.532658 67.208 -69.6274
24.710431 67.392 -71.5624
24.889493 67.525 -72.9800
25.069853 67.668 -73.4360
25.251519 67.895 -73.2518
25.434502 68.277 -72.4072
25.618811 68.833 -71.8534
25.804456 69.560 -71.7826
25.991445 70.367 -73.0219
26.179790 71.199 -75.3751
26.369500 71.964 -78.9827
26.560584 72.627 -83.4614
26.753053 73.147 -88.6562
26.946917 73.510 -94.1123
27.142185 73.705 -99.7935
27.338869 73.737 -105.0327
27.536977 73.615 -109.8814
27.736522 73.376 -113.5942
27.937512 73.081 -116.1831
28.139959 72.816 -117.1407
28.343872 72.713 -116.9934
28.549264 72.846 -115.9607
28.756143 73.237 -115.4752
28.964522 73.806 -116.0125
29.174411 74.444 -118.1032
29.385821 75.029 -121.5834
29.598763 75.501 -126.1677
29.813248 75.810 -131.5048
30.029287 75.941 -137.0313
30.246891 75.890 -142.6548
30.466073 75.671 -147.6967
30.686842 75.314 -151.9945
30.909212 74.861 -155.1910
31.133193 74.392 -157.0472
31.358797 73.988 -157.7233
31.586035 73.716 -157.3716
31.814921 73.611 -156.8036
32.045465 73.638 -156.4034
32.277680 73.744 -156.4706
32.511577 73.861 -156.9788
32.747169 73.966 -157.6156
32.984469 74.061 -158.1912
33.223488 74.176 -158.4631
33.464239 74.353 -158.5327
33.706735 74.611 -158.6129
33.950987 74.949 -158.9581
34.197010 75.330 -159.8648
34.444816 75.713 -161.3234
34.694417 76.069 -163.2461
34.945827 76.378 -165.4796
35.199059 76.644 -167.8133
35.454126 76.882 -170.1904
35.711041 77.102 -172.6183
35.969818 77.313 -175.1699
36.230470 77.502 -177.9805
36.493011 77.644 178.9238
36.757455 77.714 175.6055
37.023814 77.689 172.1912
37.292104 77.555 168.9362
37.562338 77.322 166.1581
37.834530 77.018 164.0677
38.108695 76.685 162.7958
38.384846 76.368 162.3469
38.662999 76.105 162.5358
38.943167 75.907 163.0795
39.225365 75.759 163.8335
39.509608 75.649 164.8012
39.795911 75.576 166.0776
40.084289 75.557 167.7632
40.374756 75.620 169.8564
40.667328 75.790 172.2198
40.962020 76.076 174.7109
41.258848 76.488 177.2876
41.557827 77.049 179.9198
41.858972 77.794 -177.6013
42.162299 78.737 -175.7640
42.467824 79.845 -175.1931
42.775564 81.035 -176.3473
43.085533 82.209 -179.3331
43.397749 83.285 176.0543
43.712227 84.215 170.1857
44.028983 84.974 163.4690
44.348036 85.556 156.2718
44.669400 85.969 148.8995
44.993093 86.226 141.5987
45.319131 86.345 134.5638
45.647532 86.347 127.9487
45.978313 86.256 121.8755
46.311491 86.098 116.4370
46.647083 85.904 111.6841
46.985107 85.708 107.6051
47.325581 85.543 104.0544
47.668521 85.429 100.8340
48.013947 85.366 97.6858
48.361876 85.332 94.4443
48.712326 85.303 91.1123
49.065315 85.264 87.8490
49.420863 85.231 84.8583
49.778987 85.245 82.2217
50.139706 85.351 79.7722
50.503039 85.571 77.1349
50.869005 85.888 73.9290
51.237623 86.266 69.9642
51.608912 86.675 65.2447
51.982891 87.113 59.7957
52.359580 87.583 53.4854
52.739000 88.075 46.0040
53.121168 88.542 37.0234
53.506106 88.910 26.3950
53.893833 89.096 14.1938
54.284370 89.031 0.6870
54.677737 88.661 -13.7066
55.073955 87.950 -28.4717
55.473043 86.879 -43.0155
55.875024 85.456 -56.6863
56.279917 83.720 -68.8253
56.687745 81.771 -78.8967
57.098527 79.772 -87.0527
57.512287 77.905 -94.5797
57.929045 76.257 -103.3386
58.348822 74.782 -114.6689
58.771642 73.415 -129.1121
59.197525 72.224 -146.6797
59.626495 71.452 -166.9075
60.058573 71.358 171.6208
60.493782 71.943 150.7848
60.932145 72.928 131.6006
61.373685 74.008 114.0017
61.818424 74.979 97.5952
62.266386 75.734 82.1687
62.717593 76.233 67.6494
63.172071 76.483 54.2804
63.629842 76.539 42.4912
64.090930 76.508 32.5314
64.555359 76.534 24.2876
65.023154 76.726 17.0186
65.494339 77.085 9.7958
65.968938 77.533 2.0697
66.446976 78.000 -6.0436
66.928478 78.474 -14.1440
67.413469 78.993 -22.0121
67.901975 79.595 -29.8066
68.394021 80.273 -37.9066
68.889632 80.984 -46.5243
69.388835 81.683 -55.5852
69.891655 82.355 -64.8330
70.398118 83.017 -74.0266
70.908252 83.695 -83.1379
71.422083 84.402 -92.3281
71.939636 85.121 -101.8044
72.460941 85.820 -111.7167
72.986023 86.459 -122.0869
73.514909 87.000 -132.8240
74.047629 87.417 -143.7269
74.584208 87.701 -154.5349
75.124676 87.872 -164.9689
75.669061 87.965 -174.9647
76.217390 88.011 175.3014
76.769692 88.010 165.4674
77.325997 87.921 155.2386
77.886333 87.686 144.5679
78.450730 87.253 133.5312
79.019216 86.569 122.1885
79.591822 85.562 110.6085
80.168577 84.118 98.9827
80.749512 82.090 88.0093
81.334656 79.406 80.2039
81.924040 76.848 93.3284
82.517696 77.153 -167.8491
83.115653 79.939 -161.9578
83.717943 82.637 -169.0388
84.324598 84.721 -178.6807
84.935649 86.253 170.8743
85.551128 87.347 160.4883
86.171066 88.119 150.6880
86.795497 88.671 141.6371
87.424453 89.070 133.2510
88.057967 89.355 125.4470
88.696071 89.563 118.2073
89.338800 89.730 111.4775
89.986185 89.890 105.1803
90.638262 90.089 99.2506
91.295065 90.382 93.3629
91.956626 90.776 86.6194
92.622982 91.174 77.9784
93.294166 91.401 67.1320
93.970214 91.299 54.7427
94.651161 90.784 42.0621
95.337042 89.862 30.4912
96.027894 88.632 21.1545
96.723752 87.254 14.4176
97.424652 85.888 9.7291
98.130631 84.633 6.1625
98.841726 83.506 2.9479
99.557974 82.469 -0.4683
100.279412 81.443 -4.2118
101.006078 80.367 -7.9064
101.738010 79.233 -11.3162
102.475245 78.044 -14.7360
103.217823 76.763 -18.2689
103.965782 75.364 -21.7211
104.719161 73.825 -25.6871
105.477999 72.022 -30.7024
106.242336 69.757 -34.5190
107.012212 67.074 -31.6261
107.787666 64.700 -19.9885
108.568740 63.954 -14.9115
109.355474 64.950 -29.5029
110.147909 66.690 -61.0631
110.946086 68.647 -96.3092
111.750047 70.671 -123.2815
112.559834 72.682 -141.5876
113.375489 74.573 -154.8925
114.197055 76.233 -166.0391
115.024574 77.624 -175.8536
115.858089 78.819 176.0327
116.697645 79.931 169.4014
117.543284 80.967 162.9038
118.395051 81.834 155.9338
119.252990 82.492 149.2588
120.117147 82.995 143.6425
120.987565 83.442 139.4165
121.864291 83.952 136.5923
122.747370 84.615 134.3912
123.636848 85.403 131.4757
124.532771 86.197 127.0653
125.435187 86.878 121.3855
126.344142 87.400 115.3060
127.259684 87.802 109.6107
128.181860 88.172 104.6299
129.110718 88.606 100.2709
130.046308 89.163 95.7870
130.988677 89.782 89.7582
131.937875 90.294 81.5144
132.893951 90.560 71.8558
133.856956 90.561 62.0435
134.826938 90.379 52.9222
135.803950 90.143 44.3138
136.788041 89.891 34.5635
137.779264 89.455 22.0575
138.777669 88.564 7.1041
139.783309 87.020 -8.9335
140.796237 84.718 -25.3561
141.816504 81.662 -42.9626
142.844165 78.612 -85.9341
143.879273 78.207 133.6533
144.921881 80.334 118.7832
145.972045 82.498 107.9045
147.029819 84.032 97.1519
148.095257 84.954 87.0149
149.168417 85.445 78.8999
150.249353 85.743 73.2190
151.338121 86.057 69.5266
152.434780 86.552 67.0935
153.539385 87.232 63.6204
154.651995 87.860 56.8677
155.772667 88.130 47.0979
156.901460 87.874 36.8743
158.038432 87.158 29.1436
159.183644 86.208 24.8721
160.337154 85.236 23.3572
161.499023 84.396 24.1584
162.669312 83.888 27.8301
163.848081 83.957 33.0847
165.035392 84.545 35.4075
166.231306 85.220 32.1636
167.435887 85.563 24.6306
168.649196 85.368 15.4263
169.871298 84.598 7.4353
171.102255 83.395 3.3066
172.342133 82.021 3.5486
173.590995 80.733 7.5354
174.848907 79.744 14.1318
176.115934 79.265 23.1167
177.392143 79.646 36.7764
178.677599 80.890 47.3901
179.972371 82.298 48.0625
181.276525 83.325 42.7920
182.590129 83.865 36.1262
183.913252 84.155 31.9700
185.245964 84.637 31.2642
186.588332 85.444 28.8777
187.940428 86.185 20.5571
189.302322 86.448 7.7334
190.674085 86.062 -6.9651
192.055788 84.974 -21.9224
193.447503 83.161 -35.1545
194.849303 80.713 -44.5266
196.261262 78.071 -53.4656
197.683452 76.584 -83.2834
199.115948 77.749 163.7234
200.558824 80.185 122.5049
202.012156 82.297 101.6716
203.476019 83.812 86.9099
204.950490 84.894 76.0581
206.435646 85.742 67.5471
207.931564 86.597 61.4221
209.438322 87.719 57.5005
210.955998 88.899 49.0508
212.484672 89.481 33.0955
214.024424 89.032 15.2200
215.575333 87.567 3.0198
217.137481 85.706 6.0076
218.710948 84.960 24.7012
220.295818 85.857 32.2549
221.892172 86.915 24.6299
223.500094 87.155 11.0913
225.119668 86.426 -0.1270
226.750978 85.121 -2.1580
228.394109 83.891 0.8411
230.049147 82.998 2.9734
231.716178 82.843 14.5100
233.395289 84.049 30.5867
235.086567 85.881 32.8381
236.790102 87.273 23.3721
238.505980 87.750 8.4192
240.234293 87.221 -6.2061
241.975130 85.852 -15.7964
243.728581 84.001 -19.2175
245.494739 82.409 -3.4207
247.273695 82.581 29.7419
249.065542 84.410 39.3950
250.870374 86.576 40.1221
252.688284 88.380 33.5859
254.519367 89.512 21.9053
256.363720 89.974 9.9910
258.221437 90.037 1.2283
260.092616 89.978 -5.6418
261.977354 89.794 -13.4241
263.875750 89.380 -20.5859
265.787903 88.928 -23.5005
267.713911 88.815 -24.1333
269.653877 88.943 -29.4756
271.607900 88.763 -40.5369
273.576083 87.914 -52.5483
275.558528 86.452 -62.4719
277.555338 84.897 -66.0193
279.566619 84.574 -13.3406
281.592474 85.517 0.6267
283.633009 85.917 -15.9912
285.688331 85.636 -20.2988
287.758546 86.371 0.6589
289.843763 88.390 7.2544
291.944090 90.248 -2.5730
294.059638 91.353 -17.3159
296.190515 91.798 -31.1934
298.336833 91.832 -43.3496
300.498705 91.493 -55.9851
302.676243 90.603 -68.5894
304.869559 89.125 -75.8083
307.078770 87.714 -69.6296
309.303989 87.794 -52.9060
311.545334 89.448 -44.6326
313.802919 91.280 -51.0444
316.076865 92.584 -64.5835
318.367288 93.297 -80.2625
320.674309 93.432 -97.3123
322.998047 92.933 -114.6309
325.338624 91.813 -129.6782
327.696162 90.222 -140.0308
330.070783 88.498 -143.6550
332.462612 87.091 -144.4465
334.871773 86.148 -146.5564
337.298392 85.780 -145.5835
339.742595 86.316 -142.4985
342.204510 87.397 -147.2617
344.684265 88.196 -161.2190
347.181989 88.350 -177.8198
349.697813 88.000 167.6833
352.231868 87.551 156.9294
354.784285 87.476 148.7332
357.355198 87.861 138.1995
359.944741 88.233 122.2661
362.553049 88.146 103.4675
365.180258 87.494 85.5217
367.826505 86.414 70.9756
370.491927 85.159 60.7615
373.176665 84.000 54.2207
375.880856 83.173 50.9985
378.604644 82.746 47.5962
381.348169 82.656 44.6724
384.111575 83.132 44.6917
386.895006 84.340 45.3647
389.698607 85.662 37.1243
392.522524 86.304 20.7947
395.366904 86.072 4.6733
398.231895 85.252 -6.4392
401.117648 84.291 -12.7854
404.024312 83.709 -12.1511
406.952038 84.009 -8.3904
409.900981 84.823 -14.4373
412.871292 85.601 -24.7874
415.863128 86.008 -39.9890
418.876643 85.599 -59.2231
421.911996 84.274 -71.5852
424.969344 82.825 -70.6086
428.048847 81.885 -78.4905
431.150666 80.823 -92.4968
434.274961 79.838 -91.5513
437.421897 80.331 -79.8000
440.591636 81.494 -96.6355
443.784345 81.763 -128.5227
447.000189 80.823 -164.6287
450.239337 78.841 158.2744
453.501956 76.058 127.2234
456.788219 73.550 118.1511
460.098294 73.399 110.9270
463.432356 74.895 94.2043
466.790578 76.495 76.5098
470.173135 77.916 61.2131
473.580203 79.023 41.4934
477.011961 79.756 15.6125
480.468586 81.030 -6.0022
483.950259 83.345 110.1628
487.457163 85.546 79.3750
490.989478 86.686 46.2073
494.547390 86.636 18.4629
498.131084 85.975 2.7439
501.740748 85.659 -6.6504
505.376568 85.576 -22.2319
509.038735 84.891 -41.1863
512.727439 83.374 -53.8801
516.442874 81.578 -60.3770
520.185232 79.841 -72.0442
523.954708 77.873 -85.4058
527.751500 76.723 -37.1873
531.575805 78.072 18.6392
535.427822 79.751 2.4087
539.307753 80.515 -16.0386
543.215800 81.639 -18.8096
547.152165 84.484 -4.2114
551.117055 87.686 -7.9746
555.110677 89.788 -33.2744
559.133237 90.451 -65.6050
563.184947 90.120 -95.0298
567.266018 89.491 -122.4683
571.376661 88.671 -155.2024
575.517092 87.071 165.7615
579.687526 84.366 126.3572
583.888181 81.028 107.8743
588.119275 79.264 72.4778
592.381030 80.617 -9.9587
596.673667 82.615 -67.4314
600.997410 83.700 -117.1187
605.352485 83.889 -161.2690
609.739119 83.699 158.3672
614.157540 83.280 117.6240
618.607979 82.267 75.9531
623.090667 80.709 58.9553
627.605839 80.160 106.3918
632.153730 80.774 72.5383
636.734576 81.128 25.5098
641.348617 80.881 -35.9385
645.996094 80.335 146.6523
650.677248 79.793 77.2173
655.392323 80.322 -3.4604
660.141566 82.314 179.0244
664.925224 84.548 139.0688
669.743546 86.401 107.7500
674.596784 87.923 81.2871
679.485191 88.730 53.3125
684.409020 88.703 28.2173
689.368530 88.541 9.2866
694.363979 88.597 -12.2065
699.395626 88.505 -38.4658
704.463736 87.804 -70.4146
709.568570 85.948 -104.9893
714.710396 82.902 -128.8042
719.889483 79.376 -89.5254
725.106099 77.045 -92.7661
730.360516 77.129 -118.9863
735.653010 78.660 -152.7017
740.983855 80.967 -178.2871
746.353329 83.914 -156.4790
751.761713 86.214 179.1963
757.209288 87.214 142.7803
762.696339 87.746 117.1104
768.223151 88.612 96.3550
773.790013 89.258 72.1484
779.397214 88.999 46.9541
785.045047 87.903 29.5405
790.733808 87.035 28.2007
796.463791 87.240 31.0078
802.235296 88.191 25.8267
808.048623 89.676 17.1089
813.904077 90.671 -6.1138
819.801961 90.596 -33.3462
825.742584 89.880 -57.9102
831.726255 89.188 -82.4326
837.753287 88.620 -112.8477
843.823992 87.887 -146.7471
849.938689 87.500 -177.2773
856.097695 88.086 153.9995
862.301332 89.231 127.3916
868.549922 90.947 108.7480
874.843793 92.891 86.9878
881.183272 94.132 58.1982
887.568689 94.478 28.8604
894.000378 94.072 1.1792
900.478673 93.147 -23.9922
907.003913 91.951 -49.8750
913.576437 90.281 -79.8779
920.196588 88.019 -113.0996
926.864712 86.035 -162.7314
933.581156 85.174 129.7476
940.346270 85.645 84.9800
947.160407 86.769 56.2759
954.023921 87.844 34.7856
960.937172 88.330 12.0879
967.900519 88.002 -6.1284
974.914325 87.524 -17.0073
981.978956 86.867 -36.9336
989.094780 85.552 -59.8105
996.262169 84.855 -13.5010
1003.481495 86.792 47.6357
1010.753136 89.181 25.8828
1018.077470 90.329 -2.9478
1025.454879 90.101 -29.5469
1032.885748 88.766 -47.8125
1040.370463 87.268 -52.3340
1047.909417 86.911 -52.5938
1055.503000 87.074 -66.4365
1063.151610 86.595 -80.0244
1070.855645 85.980 -94.8701
1078.615506 85.165 -128.1753
1086.431599 84.200 165.7300
1094.304330 84.342 47.7041
1102.234110 85.472 0.3613
1110.221353 85.993 -34.8096
1118.266475 85.550 -62.4160
1126.369895 85.105 -80.6323
1134.532035 85.407 -103.5176
1142.753322 85.445 -152.0454
1151.034184 84.396 115.3110
1159.375052 82.527 29.6382
1167.776361 81.012 6.9092
1176.238550 81.577 0.0103
1184.762060 82.561 -21.9473
1193.347334 82.852 -46.7280
1201.994821 82.654 -77.2500
1210.704971 81.907 -120.9380
1219.478238 81.043 97.9268
1228.315080 80.822 44.3379
1237.215957 81.230 23.7271
1246.181334 81.528 4.5298
1255.211678 81.513 -6.2080
1264.307459 82.351 6.1743
1273.469152 84.586 19.4092
1282.697235 86.360 3.8169
1291.992188 86.785 -18.4238
1301.354495 86.314 -33.3867
1310.784647 85.859 -40.9541
1320.283132 86.047 -44.8770
1329.850448 86.747 -54.6768
1339.487093 86.945 -76.2202
1349.193569 86.001 -91.1533
1358.970381 85.006 -47.8989
1368.818041 85.145 -51.8335
1378.737061 84.780 -73.7192
1388.727958 83.408 -81.4585
1398.791253 83.195 -53.3901
1408.927471 84.829 -34.8828
1419.137140 86.184 -49.2227
1429.420793 87.116 -58.5308
1439.778965 87.625 -77.7231
1450.212197 86.808 -91.7607
1460.721033 85.029 -72.9487
1471.306019 84.233 -62.9414
1481.967709 85.242 -63.8628
1492.706658 86.318 -77.1802
1503.523426 86.387 -94.1538
1514.418576 85.476 -107.5498
1525.392678 84.201 -115.3081
1536.446302 83.691 -81.1211
1547.580025 84.970 -55.7061
1558.794428 87.204 -54.7920
1570.090095 88.883 -68.8970
1581.467615 89.772 -84.8057
1592.927581 90.396 -98.5640
1604.470591 90.786 -112.1582
1616.097246 91.010 -124.1899
1627.808153 90.945 -138.9985
1639.603922 90.575 -151.7974
1651.485168 90.050 -166.3071
1663.452510 89.060 179.2646
1675.506573 87.876 165.7822
1687.647984 86.457 147.3877
1699.877377 84.896 159.6099
1712.195390 84.896 -136.1709
1724.602663 86.498 -145.1528
1737.099845 88.056 -163.3623
1749.687587 88.599 173.0352
1762.366544 87.620 153.0034
1775.137379 85.945 141.7212
1788.000756 84.301 129.0439
1800.957346 82.673 118.5952
1814.007826 81.037 117.7822
1827.152874 79.882 127.4722
1840.393177 80.586 156.0122
1853.729425 83.720 -129.4326
1867.162312 86.887 -147.7939
1880.692540 88.404 177.9941
1894.320813 88.162 145.5869
1908.047843 87.026 124.1670
1921.874344 86.282 117.1602
1935.801038 86.875 112.5854
1949.828650 87.398 80.9028
1963.957912 86.634 40.6006
1978.189561 85.559 -10.5806
1992.524338 85.003 -110.0571
2006.962991 84.809 173.2798
2021.506272 84.988 148.3838
2036.154940 85.123 119.7168
2050.909758 85.148 86.8110
2065.771495 85.687 54.6562
2080.740927 86.348 -2.2808
2095.818833 86.904 -49.3843
2111.006001 88.158 -85.7329
2126.303220 89.660 -124.3555
2141.711290 90.663 -160.5708
2157.231013 90.258 165.7285
2172.863198 88.763 141.8145
2188.608660 87.411 121.9966
2204.468221 86.170 99.5981
2220.442706 84.247 101.3887
2236.532950 83.622 140.1982
2252.739789 85.048 137.6133
2269.064070 86.082 114.9629
2285.506644 86.264 87.5396
2302.068367 85.742 55.0234
2318.750104 85.218 9.5073
2335.552723 85.424 -68.0815
2352.477101 85.887 -141.8203
2369.524119 86.253 -177.4609
2386.694668 87.201 164.8672
2403.989641 88.310 140.5537
2421.409941 88.247 106.7500
2438.956476 86.766 78.6650
2456.630160 84.422 73.8672
2474.431915 82.954 101.5586
2492.362668 83.403 122.9648
2510.423356 84.873 148.6514
2528.614918 86.483 148.0068
2546.938304 87.367 121.1035
2565.394469 87.658 91.5791
2583.984375 87.411 58.2119
2602.708991 86.160 18.2148
2621.569293 84.138 -59.0059
2640.566265 82.686 177.4971
2659.700897 83.308 153.9482
2678.974186 84.406 129.1816
2698.387137 84.727 104.9414
2717.940763 84.258 84.7363
2737.636082 83.886 85.8564
2757.474121 84.523 119.3096
2777.455915 85.712 111.3047
2797.582506 86.103 87.7812
2817.854942 85.101 69.1465
2838.274281 83.717 72.7441
2858.841586 83.959 83.0928
2879.557931 85.011 71.0771
2900.424394 85.063 51.2236
2921.442065 83.726 55.3223
2942.612039 82.636 82.5713
2963.935418 83.025 92.6455
2985.413316 83.782 74.9434
3007.046852 83.517 47.0332
3028.837153 82.857 61.3447
3050.785356 84.081 130.4395
3072.892604 85.782 105.3506
3095.160050 86.316 77.0264
3117.588856 85.673 52.8975
3140.180190 84.497 40.5820
3162.935230 84.320 60.3975
3185.855163 85.165 53.4258
3208.941182 84.797 19.7949
3232.194493 82.789 -2.4346
3255.616307 81.401 87.7803
3279.207844 82.164 116.0479
3302.970336 83.427 121.7393
3326.905021 84.426 103.0410
3351.013146 84.570 75.4531
3375.295969 83.681 55.8750
3399.754755 82.681 37.9688
3424.390779 81.533 9.1748
3449.205326 80.168 112.7080
3474.199690 80.154 117.6230
3499.375173 80.810 91.3467
3524.733088 80.932 90.9541
3550.274757 81.590 133.7959
3576.001511 82.827 120.1455
3601.914692 83.209 96.6104
3628.015651 82.699 77.4834
3654.305748 81.478 70.5322
3680.786354 80.486 81.0664
3707.458849 80.834 87.5332
3734.324624 81.261 71.6006
3761.385080 80.881 74.3438
3788.641627 81.032 120.5410
3816.095686 82.030 114.6631
3843.748688 83.726 118.8721
3871.602076 85.241 108.8711
3899.657300 85.302 87.7793
3927.915825 84.333 75.6748
3956.379122 83.917 78.8496
3985.048676 84.506 86.2803
4013.925981 84.496 79.3623
4043.012544 83.950 78.4365
4072.309879 84.205 91.1572
4101.819515 84.570 83.1191
4131.542990 84.400 76.7539
4161.481854 84.627 77.0430
4191.637667 85.286 73.3301
4222.012001 85.705 63.3828
4252.606441 85.624 54.8467
4283.422580 85.491 51.0225
4314.462026 84.987 42.8340
4345.726396 84.364 50.2949
4377.217321 84.363 52.6514
4408.936442 84.451 51.6992
4440.885413 84.179 42.4170
4473.065899 83.184 37.2695
4505.479579 82.350 39.4590
4538.128141 81.957 37.2432
4571.013288 81.726 37.7100
4604.136735 81.598 36.6768
4637.500207 81.462 36.2070
4671.105446 81.140 29.7412
4704.954201 80.678 26.3770
4739.048239 80.335 35.1982
4773.389336 80.229 42.4961
4807.979283 80.259 38.7412
4842.819883 79.944 29.0918
4877.912952 79.395 34.7822
4913.260320 79.266 49.6836
4948.863830 78.848 52.7148
4984.725337 78.609 74.2500
5020.846712 79.701 78.9004
5057.229836 80.645 66.0713
5093.876609 80.636 59.0889
5130.788938 80.320 58.0674
5167.968750 80.315 59.9385
5205.417982 80.656 58.6484
5243.138586 81.468 79.7588
5281.132530 82.907 91.1787
5319.401793 83.805 77.9150
5357.948371 83.721 64.8076
5396.774274 83.365 59.0654
5435.881525 83.182 50.9570
5475.272163 82.667 47.6445
5514.948243 82.632 62.3193
5554.911831 83.531 62.6846
5595.165012 84.114 49.8164
5635.709884 83.911 40.1592
5676.548561 83.474 38.3418
5717.683172 82.882 32.7939
5759.115861 82.357 34.5752
5800.848789 82.781 42.5010
5842.884130 83.446 35.5430
5885.224077 83.487 24.3145
5927.870837 83.369 19.6396
5970.826633 83.211 9.8711
6014.093704 82.157 3.4053
6057.674306 80.871 12.6318
6101.570711 80.472 17.5303
6145.785208 80.466 10.6611
6190.320101 80.079 4.0137
6235.177712 79.427 13.3701
6280.360380 78.881 11.9854
6325.870460 78.747 17.6396
6371.710325 79.005 50.6250
6417.882365 78.876 47.4707
6464.388986 78.757 50.0967
6511.232613 78.886 55.7207
6558.415689 79.078 67.2422
6605.940673 79.917 73.4355
6653.810042 81.023 67.9150
6702.026292 81.761 61.3213
6750.591937 82.658 62.4863
6799.509509 83.467 51.7900
6848.781558 83.206 37.2500
6898.410653 82.201 35.4805
6948.399380 81.785 41.9746
6998.750346 82.517 48.0400
7049.466176 83.503 41.0283
7100.549514 83.478 26.6064
7152.003023 82.676 20.5850
7203.829385 81.915 17.2334
7256.031302 81.490 22.5303
7308.611496 81.576 25.3301
7361.572708 81.392 17.1084
7414.917698 80.906 15.6152
7468.649249 80.981 23.7344
7522.770160 81.947 32.0889
7577.283253 83.029 28.1582
7632.191371 83.036 7.9082
7687.497376 81.587 -8.4932
7743.204151 79.994 6.6182
7799.314600 79.728 65.4609
7855.831649 80.601 59.7178
7912.758244 81.420 49.9971
7970.097352 81.740 44.7578
8027.851962 82.130 48.3037
8086.025087 82.941 49.6377
8144.619758 83.379 42.4580
8203.639030 83.591 38.7607
8263.085980 83.888 39.6436
8322.963708 84.203 38.2334
8383.275334 84.603 33.6787
8444.024002 85.105 28.0635
8505.212881 85.265 17.4834
8566.845160 84.836 8.0127
8628.924051 84.324 5.3594
8691.452792 84.296 5.5742
8754.434642 84.465 -1.6582
8817.872884 84.105 -14.3447
8881.770826 82.877 -24.5049
8946.131799 81.506 -16.2578
9010.959157 81.255 -3.6875
9076.256282 81.269 -8.4043
9142.026576 80.435 -2.7910
9208.273470 80.364 33.3975
9275.000415 81.647 34.6836
9342.210891 82.729 23.7031
9409.908403 83.090 15.5537
9478.096478 83.399 14.4043
9546.778672 83.857 10.6807
9615.958566 84.021 -0.7100
9685.639765 83.487 -10.9600
9755.825904 82.726 -11.9727
9826.520640 82.337 -12.1953
9897.727659 81.943 -18.1992
9969.450674 81.375 -19.8457
10041.693423 80.804 -21.7578
10114.459673 80.208 -23.2207
10187.753217 79.948 -24.0000
10261.577877 79.863 -31.0215
10335.937500 79.353 -24.3779
10410.835964 79.158 -6.6787
10486.277173 79.531 -4.4277
10562.265060 79.730 3.0703
10638.803587 80.159 31.8223
10715.896743 80.996 23.4922
10793.548548 81.069 9.0605
10871.763050 80.590 9.9541
10950.544327 80.833 9.8916
11029.896485 81.089 0.2822
11109.823662 80.873 -1.2754
11190.330024 81.211 1.3438
11271.419768 81.497 -9.8320
11353.097122 80.820 -19.3623
11435.366344 80.048 -15.7812
11518.231722 79.790 -16.2236
11601.697577 79.240 -22.0000
11685.768261 78.257 -18.3516
11770.448155 77.731 -7.3086
11855.741674 78.015 -5.2373
11941.653265 78.410 -6.5088
12028.187408 78.881 -2.2842
12115.348612 79.374 -5.1299
12203.141422 79.324 -13.9629
12291.570415 78.864 -13.4580
12380.640201 78.462 -11.6006
12470.355424 78.090 -10.5664
12560.720760 78.169 8.7646
12651.740920 79.187 17.6006
12743.420650 80.278 11.6865
12835.764729 81.126 4.1602
12928.777972 81.572 -7.8135
13022.465227 81.229 -20.7725
13116.831378 80.123 -25.8848
13211.881345 78.886 -19.4590
13307.620084 78.365 -9.9658
13404.052584 78.964 -3.3379
13501.183875 80.087 -4.8096
13599.019019 80.711 -12.4570
13697.563116 80.844 -19.3076
13796.821305 80.836 -25.9678
13896.798760 80.539 -35.2334
13997.500692 79.824 -42.1943
14098.932352 78.961 -46.9053
14201.099028 77.874 -50.8174
14304.006046 76.917 -44.9023
14407.658770 76.560 -43.0400
14512.062604 76.349 -45.1201
14617.222992 76.128 -45.6025
14723.145416 75.742 -50.4590
14829.835397 75.115 -53.8135
14937.298497 74.528 -54.0869
15045.540320 73.822 -57.2871
15154.566507 72.842 -57.1221
15264.382743 72.059 -55.7812
15374.994752 71.461 -55.5586
15486.408302 71.166 -50.7168
15598.629201 70.837 -51.2705
15711.663298 70.315 -45.0693
15825.516487 70.547 -39.3672
15940.194703 70.986 -39.0879
16055.703925 71.243 -39.3682
16172.050174 71.032 -49.8857
16289.239516 70.352 -59.7324
16407.278061 69.554 -75.0049
16526.171961 68.475 -95.6064
16645.927415 67.972 163.8457
16766.550667 68.899 69.5791
16888.048005 70.364 47.2363
17010.425762 71.475 31.9717
17133.690320 72.106 20.2646
17257.848103 72.146 9.4092
17382.905584 72.222 5.5859
17508.869284 72.386 0.1787
17635.745768 72.126 -1.4004
17763.541652 71.572 -2.3682
17892.263597 70.962 1.1289
18021.918315 70.705 6.3672
18152.512564 71.038 14.1670
18284.053153 72.245 19.2695
18416.546939 73.534 15.4756
18550.000830 74.441 6.1689
18684.421783 74.849 -5.6826
18819.816805 74.740 -18.5645
18956.192956 73.946 -31.9092
19093.557344 72.524 -42.2900
19231.917131 70.694 -48.9795
19371.279531 68.558 -48.4355
19511.651807 66.708 -34.6748
19653.041280 66.134 -20.6006
19795.455318 66.348 -18.5068
19938.901348 66.427 -24.4814
