RT60 data saved by REW V5.31.1
Source: Scarlett 2i4 USB, MICROPHONE, R, volume: no control
Dated: May 7, 2024 4:03:59 PM
Measurement: front-l12-r12-p1-r
Sweep level: -18.0 dBFS
Response measured over: 10.1 to 20,000.0 Hz
Peak value: 0.0074666464 at index 44100
Response length: 131072 samples
Sample interval: 2.2675736961451248E-5 seconds
Start time: -0.9999999922763397 seconds

Format is freq (Hz), BW (octaves), EDT (s), r, T20 (s), r, T30 (s), r, Topt (s), r, ToptStart (dB), ToptEnd (dB), T60M (s), reverse/forward/zero phase filtered, C50 (dB), C80 (dB), D50 (%), TS (s)

50 1/3 1.307 -0.959 0.678 -0.996 0.679 -0.999 0.687 -0.999 -5.000 -43.000 0.000 Forward -2.75 2.73 34.7 0.141
63 1/3 0.786 -0.957 0.578 -0.994 0.600 -0.998 0.643 -0.998 -5.000 -54.000 0.000 Forward 4.73 7.46 74.8 0.093
80 1/3 0.822 -0.970 0.394 -0.957 0.496 -0.972 0.442 -0.976 -5.000 -32.000 0.000 Forward 4.50 5.11 73.8 0.078
100 1/3 0.754 -0.983 0.375 -0.995 0.394 -0.997 0.383 -0.998 -5.000 -33.000 0.000 Forward 3.91 7.48 71.1 0.075
125 1/3 0.337 -0.956 0.400 -0.937 0.365 -0.979 0.411 -0.988 -5.000 -51.000 0.000 Forward 16.79 19.53 97.9 0.036
160 1/3 0.387 -0.987 0.204 -0.988 0.266 -0.973 0.200 -0.993 -5.000 -30.000 0.000 Forward 9.34 18.76 89.6 0.037
200 1/3 0.424 -0.957 0.260 -0.969 0.308 -0.980 0.303 -0.985 -5.000 -20.000 0.000 Forward 10.70 16.01 92.2 0.034
250 1/3 0.288 -0.989 0.297 -0.949 0.305 -0.981 0.316 -0.995 -5.000 -53.000 0.000 Forward 17.48 19.07 98.2 0.026
315 1/3 0.182 -0.967 0.324 -0.994 0.260 -0.963 0.350 -0.997 -5.000 -20.000 0.000 Forward 12.79 18.33 95.0 0.022
400 1/3 0.173 -0.952 0.277 -0.972 0.269 -0.990 0.304 -0.996 -5.000 -55.000 0.000 Forward 16.50 22.57 97.8 0.021
500 1/3 0.397 -0.977 0.259 -0.974 0.278 -0.990 0.303 -0.994 -5.000 -48.000 0.000 Forward 12.66 18.56 94.9 0.026
630 1/3 0.381 -0.972 0.274 -0.988 0.257 -0.992 0.281 -0.995 -5.000 -49.000 0.000 Forward 10.53 15.07 91.9 0.022
800 1/3 0.155 -0.988 0.352 -0.978 0.330 -0.988 0.331 -0.995 -6.000 -52.000 0.000 Forward 11.56 19.09 93.5 0.014
1000 1/3 0.280 -0.989 0.272 -0.988 0.322 -0.991 0.361 -0.997 -5.000 -57.000 0.000 Forward 14.85 19.49 96.8 0.017
1250 1/3 0.311 -0.973 0.298 -0.995 0.337 -0.993 0.307 -0.997 -5.000 -31.000 0.000 Forward 10.83 17.75 92.4 0.021
1600 1/3 0.236 -0.995 0.325 -0.998 0.340 -0.997 0.324 -0.999 -5.000 -31.000 0.000 Forward 11.58 17.83 93.5 0.018
2000 1/3 0.243 -0.982 0.382 -0.991 0.360 -0.997 0.366 -0.997 -5.000 -37.000 0.000 Forward 12.68 16.85 94.9 0.015
2500 1/3 0.315 -0.961 0.341 -0.987 0.394 -0.991 0.426 -0.997 -5.000 -55.000 0.000 Forward 13.85 18.57 96.0 0.014
3150 1/3 0.326 -0.945 0.334 -0.993 0.346 -0.997 0.353 -0.999 -5.000 -46.000 0.000 Forward 12.89 19.45 95.1 0.012
4000 1/3 0.408 -0.888 0.371 -0.984 0.364 -0.995 0.378 -0.998 -5.000 -54.000 0.000 Forward 13.36 17.45 95.6 0.012
5000 1/3 0.343 -0.962 0.348 -0.997 0.357 -0.999 0.358 -0.999 -5.000 -47.000 0.000 Forward 11.67 17.34 93.6 0.012
6300 1/3 0.326 -0.962 0.303 -0.998 0.317 -0.999 0.315 -0.999 -5.000 -34.000 0.000 Forward 12.83 18.81 95.1 0.012
8000 1/3 0.374 -0.907 0.341 -0.994 0.339 -0.998 0.346 -0.998 -5.000 -42.000 0.000 Forward 12.00 17.51 94.1 0.010
10000 1/3 0.362 -0.911 0.309 -0.993 0.315 -0.998 0.326 -0.998 -5.000 -45.000 0.000 Forward 12.95 19.37 95.2 0.009

full 1/3 0.326 -0.976 0.339 -0.998 0.357 -0.999 0.352 -0.999 -5.000 -33.000 0.000 Forward 12.84 18.18 95.1 0.011

