RT60 data saved by REW V5.31.1
Source: Scarlett 2i4 USB, MICROPHONE, R, volume: no control
Dated: May 7, 2024 2:02:46 PM
Measurement: front-empty-p1-c
Sweep level: -18.0 dBFS
Response measured over: 10.1 to 20,000.0 Hz
Peak value: 0.020766294 at index 44100
Response length: 131072 samples
Sample interval: 2.2675736961451248E-5 seconds
Start time: -1.0000000045507291 seconds

Format is freq (Hz), BW (octaves), EDT (s), r, T20 (s), r, T30 (s), r, Topt (s), r, ToptStart (dB), ToptEnd (dB), T60M (s), reverse/forward/zero phase filtered, C50 (dB), C80 (dB), D50 (%), TS (s)

50 1/3 0.674 -0.937 0.549 -0.996 0.555 -0.998 0.534 -0.999 -5.000 -52.000 0.000 Forward 10.80 16.82 92.3 0.078
63 1/3 0.829 -0.900 0.447 -0.958 0.525 -0.978 0.451 -0.987 -5.000 -34.000 0.000 Forward 2.37 10.76 63.3 0.083
80 1/3 0.850 -0.854 0.451 -0.966 0.529 -0.976 0.493 -0.994 -5.000 -57.000 0.000 Forward 1.68 13.97 59.6 0.084
100 1/3 0.466 -0.936 0.598 -0.990 0.489 -0.987 0.619 -0.991 -5.000 -23.000 0.000 Forward 9.28 14.53 89.4 0.061
125 1/3 0.741 -0.955 0.433 -0.992 0.532 -0.987 0.535 -0.994 -5.000 -52.000 0.000 Forward 4.21 8.32 72.5 0.053
160 1/3 0.429 -0.907 0.338 -0.989 0.369 -0.992 0.378 -0.994 -5.000 -37.000 0.000 Forward 9.70 16.90 90.3 0.040
200 1/3 0.311 -0.949 0.349 -0.975 0.310 -0.990 0.297 -0.995 -5.000 -49.000 0.000 Forward 10.13 18.75 91.2 0.030
250 1/3 0.292 -0.977 0.402 -0.988 0.410 -0.994 0.430 -0.995 -5.000 -60.000 0.000 Forward 9.71 16.31 90.3 0.027
315 1/3 0.466 -0.985 0.326 -0.985 0.369 -0.990 0.440 -0.994 -5.000 -57.000 0.000 Forward 6.99 14.47 83.3 0.036
400 1/3 0.226 -0.948 0.516 -0.973 0.451 -0.990 0.459 -0.996 -5.000 -45.000 0.000 Forward 13.66 16.45 95.9 0.025
500 1/3 0.325 -0.990 0.361 -0.965 0.362 -0.984 0.396 -0.990 -5.000 -42.000 0.000 Forward 9.53 16.11 90.0 0.030
630 1/3 0.234 -0.964 0.338 -0.991 0.369 -0.996 0.386 -0.997 -5.000 -43.000 0.000 Forward 10.92 15.77 92.5 0.021
800 1/3 0.211 -0.978 0.407 -0.991 0.424 -0.996 0.496 -0.997 -9.000 -60.000 0.000 Forward 10.80 14.65 92.3 0.022
1000 1/3 0.359 -0.986 0.409 -0.995 0.417 -0.998 0.417 -0.998 -5.000 -35.000 0.000 Forward 8.53 12.12 87.7 0.025
1250 1/3 0.421 -0.967 0.428 -0.994 0.410 -0.997 0.414 -0.997 -5.000 -37.000 0.000 Forward 7.40 13.23 84.6 0.024
1600 1/3 0.257 -0.980 0.397 -0.998 0.410 -0.998 0.413 -0.999 -5.000 -44.000 0.000 Forward 11.38 15.34 93.2 0.019
2000 1/3 0.294 -0.969 0.368 -0.997 0.416 -0.996 0.468 -0.998 -5.000 -57.000 0.000 Forward 10.84 16.67 92.4 0.018
2500 1/3 0.315 -0.926 0.402 -0.992 0.414 -0.998 0.450 -0.998 -5.000 -57.000 0.000 Forward 10.51 16.48 91.8 0.020
3150 1/3 0.369 -0.968 0.330 -0.996 0.366 -0.996 0.337 -0.997 -5.000 -29.000 0.000 Forward 9.77 15.75 90.5 0.021
4000 1/3 0.366 -0.975 0.334 -0.997 0.348 -0.999 0.348 -0.999 -5.000 -35.000 0.000 Forward 11.10 16.87 92.8 0.015
5000 1/3 0.452 -0.956 0.362 -0.997 0.369 -0.999 0.384 -0.999 -5.000 -50.000 0.000 Forward 10.95 17.20 92.6 0.013
6300 1/3 0.409 -0.933 0.340 -0.998 0.361 -0.998 0.377 -0.999 -5.000 -57.000 0.000 Forward 12.97 17.98 95.2 0.011
8000 1/3 0.276 -0.870 0.329 -0.997 0.319 -0.999 0.323 -0.999 -5.000 -38.000 0.000 Forward 14.13 20.39 96.3 0.007
10000 1/3 0.160 -0.677 0.307 -0.995 0.310 -0.998 0.317 -0.999 -5.000 -52.000 0.000 Forward 16.68 23.38 97.9 0.004

full 1/3 0.384 -0.968 0.338 -0.998 0.360 -0.998 0.349 -0.999 -5.000 -31.000 0.000 Forward 12.70 18.58 94.9 0.010

