RT60 data saved by REW V5.31.1
Source: Scarlett 2i4 USB, MICROPHONE, R, volume: no control
Dated: May 7, 2024 2:47:29 PM
Measurement: front-frames-p1-c
Sweep level: -18.0 dBFS
Response measured over: 10.1 to 20,000.0 Hz
Peak value: 0.021889748 at index 44100
Response length: 131072 samples
Sample interval: 2.2675736961451248E-5 seconds
Start time: -1.0000000067881518 seconds

Format is freq (Hz), BW (octaves), EDT (s), r, T20 (s), r, T30 (s), r, Topt (s), r, ToptStart (dB), ToptEnd (dB), T60M (s), reverse/forward/zero phase filtered, C50 (dB), C80 (dB), D50 (%), TS (s)

50 1/3 0.672 -0.937 0.530 -0.995 0.553 -0.998 0.542 -0.999 -5.000 -44.000 0.000 Forward 10.84 16.83 92.4 0.078
63 1/3 0.805 -0.900 0.445 -0.961 0.406 -0.986 0.386 -0.992 -5.000 -42.000 0.000 Forward 2.23 10.55 62.6 0.084
80 1/3 0.823 -0.855 0.623 -0.943 0.556 -0.970 0.573 -0.992 -5.000 -53.000 0.000 Forward 1.98 14.08 61.2 0.083
100 1/3 0.462 -0.924 0.549 -0.956 0.525 -0.982 0.472 -0.992 -5.000 -51.000 0.000 Forward 9.82 18.71 90.6 0.059
125 1/3 0.751 -0.956 0.434 -0.990 0.562 -0.983 0.584 -0.995 -5.000 -55.000 0.000 Forward 3.92 8.11 71.1 0.054
160 1/3 0.427 -0.911 0.350 -0.982 0.403 -0.988 0.439 -0.990 -5.000 -42.000 0.000 Forward 9.30 17.19 89.5 0.040
200 1/3 0.310 -0.948 0.328 -0.974 0.303 -0.991 0.304 -0.998 -5.000 -60.000 0.000 Forward 10.09 19.68 91.1 0.029
250 1/3 0.314 -0.977 0.383 -0.993 0.415 -0.996 0.418 -0.998 -5.000 -60.000 0.000 Forward 9.41 16.21 89.7 0.027
315 1/3 0.448 -0.981 0.328 -0.985 0.381 -0.985 0.326 -0.992 -5.000 -31.000 0.000 Forward 7.54 13.88 85.0 0.035
400 1/3 0.225 -0.946 0.505 -0.987 0.460 -0.994 0.590 -0.997 -11.000 -21.000 0.000 Forward 12.55 15.29 94.7 0.026
500 1/3 0.339 -0.992 0.362 -0.947 0.346 -0.974 0.377 -0.981 -5.000 -38.000 0.000 Forward 8.86 17.28 88.5 0.030
630 1/3 0.215 -0.967 0.319 -0.991 0.366 -0.993 0.346 -0.995 -5.000 -32.000 0.000 Forward 11.81 17.87 93.8 0.020
800 1/3 0.244 -0.977 0.390 -0.996 0.450 -0.994 0.396 -0.997 -5.000 -28.000 0.000 Forward 10.38 14.49 91.6 0.022
1000 1/3 0.294 -0.995 0.450 -0.993 0.460 -0.997 0.472 -0.999 -5.000 -51.000 0.000 Forward 9.78 13.44 90.5 0.025
1250 1/3 0.432 -0.975 0.453 -0.997 0.436 -0.997 0.458 -0.998 -5.000 -52.000 0.000 Forward 7.40 13.05 84.6 0.025
1600 1/3 0.270 -0.990 0.378 -0.998 0.416 -0.997 0.427 -0.998 -5.000 -45.000 0.000 Forward 10.22 15.81 91.3 0.020
2000 1/3 0.284 -0.973 0.369 -0.997 0.399 -0.998 0.404 -0.998 -5.000 -37.000 0.000 Forward 10.93 16.08 92.5 0.018
2500 1/3 0.347 -0.898 0.385 -0.995 0.407 -0.998 0.412 -0.998 -5.000 -38.000 0.000 Forward 11.05 16.71 92.7 0.020
3150 1/3 0.364 -0.967 0.339 -0.992 0.369 -0.996 0.375 -0.997 -5.000 -38.000 0.000 Forward 9.87 16.74 90.7 0.021
4000 1/3 0.368 -0.967 0.334 -0.998 0.358 -0.998 0.348 -0.998 -5.000 -32.000 0.000 Forward 11.00 17.29 92.6 0.015
5000 1/3 0.434 -0.955 0.340 -0.996 0.359 -0.998 0.342 -0.998 -5.000 -30.000 0.000 Forward 10.92 17.01 92.5 0.013
6300 1/3 0.420 -0.932 0.348 -0.997 0.348 -0.999 0.348 -0.999 -5.000 -42.000 0.000 Forward 12.76 17.51 95.0 0.011
8000 1/3 0.369 -0.830 0.330 -0.993 0.331 -0.998 0.337 -0.999 -5.000 -47.000 0.000 Forward 14.25 20.97 96.4 0.007
10000 1/3 0.222 -0.613 0.298 -0.989 0.291 -0.997 0.302 -0.998 -5.000 -42.000 0.000 Forward 16.60 23.64 97.9 0.005

full 1/3 0.401 -0.965 0.330 -0.998 0.355 -0.998 0.348 -0.998 -5.000 -32.000 0.000 Forward 12.92 18.90 95.1 0.010

