RT60 data saved by REW V5.31.1
Source: Scarlett 2i4 USB, MICROPHONE, R, volume: no control
Dated: May 7, 2024 3:09:40 PM
Measurement: front-l1-p1-c
Sweep level: -18.0 dBFS
Response measured over: 10.1 to 20,000.0 Hz
Peak value: 0.022054728 at index 44100
Response length: 131072 samples
Sample interval: 2.2675736961451248E-5 seconds
Start time: -1.0000000089141428 seconds

Format is freq (Hz), BW (octaves), EDT (s), r, T20 (s), r, T30 (s), r, Topt (s), r, ToptStart (dB), ToptEnd (dB), T60M (s), reverse/forward/zero phase filtered, C50 (dB), C80 (dB), D50 (%), TS (s)

50 1/3 0.665 -0.936 0.510 -0.995 0.535 -0.998 0.553 -0.998 -5.000 -56.000 0.000 Forward 11.15 17.48 92.9 0.077
63 1/3 0.804 -0.899 0.438 -0.965 0.427 -0.989 0.425 -0.992 -5.000 -37.000 0.000 Forward 2.33 10.68 63.1 0.084
80 1/3 0.823 -0.850 0.612 -0.940 0.539 -0.968 0.561 -0.993 -5.000 -58.000 0.000 Forward 2.10 14.75 61.8 0.083
100 1/3 0.454 -0.916 0.613 -0.960 0.551 -0.981 0.507 -0.984 -5.000 -56.000 0.000 Forward 10.26 17.65 91.4 0.059
125 1/3 0.654 -0.944 0.389 -0.973 0.519 -0.976 0.513 -0.990 -5.000 -52.000 0.000 Forward 5.41 10.73 77.6 0.047
160 1/3 0.441 -0.920 0.249 -0.985 0.388 -0.972 0.465 -0.990 -5.000 -60.000 0.000 Forward 10.71 19.64 92.2 0.038
200 1/3 0.272 -0.949 0.314 -0.970 0.292 -0.988 0.272 -0.996 -5.000 -54.000 0.000 Forward 11.15 21.18 92.9 0.028
250 1/3 0.230 -0.982 0.380 -0.985 0.358 -0.994 0.377 -0.998 -5.000 -60.000 0.000 Forward 11.17 18.33 92.9 0.025
315 1/3 0.429 -0.979 0.338 -0.984 0.334 -0.987 0.304 -0.990 -5.000 -33.000 0.000 Forward 7.41 15.20 84.6 0.034
400 1/3 0.229 -0.977 0.430 -0.973 0.375 -0.990 0.380 -0.994 -5.000 -39.000 0.000 Forward 12.87 16.39 95.1 0.025
500 1/3 0.336 -0.987 0.224 -0.972 0.338 -0.964 0.394 -0.982 -5.000 -45.000 0.000 Forward 10.11 17.43 91.1 0.029
630 1/3 0.194 -0.964 0.276 -0.977 0.348 -0.987 0.383 -0.995 -5.000 -54.000 0.000 Forward 14.52 19.96 96.6 0.019
800 1/3 0.213 -0.982 0.341 -0.995 0.366 -0.996 0.346 -0.997 -5.000 -31.000 0.000 Forward 11.03 16.09 92.7 0.021
1000 1/3 0.255 -0.990 0.369 -0.996 0.419 -0.995 0.426 -0.998 -5.000 -48.000 0.000 Forward 11.49 15.86 93.4 0.022
1250 1/3 0.295 -0.987 0.374 -0.995 0.403 -0.997 0.403 -0.998 -5.000 -47.000 0.000 Forward 10.02 15.54 91.0 0.022
1600 1/3 0.228 -0.982 0.342 -0.996 0.361 -0.998 0.383 -0.998 -5.000 -51.000 0.000 Forward 11.41 17.71 93.3 0.018
2000 1/3 0.271 -0.965 0.320 -0.995 0.339 -0.997 0.332 -0.997 -5.000 -33.000 0.000 Forward 11.65 18.18 93.6 0.017
2500 1/3 0.349 -0.904 0.357 -0.983 0.380 -0.994 0.417 -0.998 -5.000 -59.000 0.000 Forward 12.01 18.64 94.1 0.019
3150 1/3 0.326 -0.962 0.308 -0.988 0.338 -0.995 0.359 -0.997 -5.000 -47.000 0.000 Forward 11.92 17.67 94.0 0.019
4000 1/3 0.346 -0.971 0.299 -0.998 0.319 -0.997 0.299 -0.999 -5.000 -29.000 0.000 Forward 11.11 17.72 92.8 0.014
5000 1/3 0.347 -0.947 0.332 -0.998 0.330 -0.999 0.330 -0.999 -5.000 -35.000 0.000 Forward 12.46 18.72 94.6 0.011
6300 1/3 0.358 -0.942 0.317 -0.998 0.322 -0.999 0.325 -0.999 -5.000 -38.000 0.000 Forward 13.70 19.00 95.9 0.011
8000 1/3 0.277 -0.842 0.337 -0.994 0.327 -0.998 0.332 -0.999 -5.000 -48.000 0.000 Forward 14.50 20.67 96.6 0.007
10000 1/3 0.171 -0.553 0.306 -0.984 0.292 -0.996 0.316 -0.998 -5.000 -51.000 0.000 Forward 16.71 24.40 97.9 0.004

full 1/3 0.367 -0.971 0.301 -0.998 0.324 -0.998 0.314 -0.998 -5.000 -31.000 0.000 Forward 13.72 20.15 95.9 0.009

