RT60 data saved by REW V5.31.1
Source: Scarlett 2i4 USB, MICROPHONE, R, volume: no control
Dated: May 7, 2024 4:04:19 PM
Measurement: front-l12-r12-p1-c
Sweep level: -18.0 dBFS
Response measured over: 10.1 to 20,000.0 Hz
Peak value: 0.021858111 at index 44100
Response length: 131072 samples
Sample interval: 2.2675736961451248E-5 seconds
Start time: -1.0000000086127192 seconds

Format is freq (Hz), BW (octaves), EDT (s), r, T20 (s), r, T30 (s), r, Topt (s), r, ToptStart (dB), ToptEnd (dB), T60M (s), reverse/forward/zero phase filtered, C50 (dB), C80 (dB), D50 (%), TS (s)

50 1/3 0.665 -0.933 0.523 -0.995 0.530 -0.998 0.506 -0.999 -5.000 -48.000 0.000 Forward 11.44 17.39 93.3 0.077
63 1/3 0.810 -0.894 0.445 -0.972 0.378 -0.978 0.350 -0.991 -5.000 -45.000 0.000 Forward 2.23 10.62 62.6 0.086
80 1/3 0.820 -0.842 0.553 -0.939 0.511 -0.974 0.538 -0.993 -5.000 -59.000 0.000 Forward 2.18 14.77 62.3 0.083
100 1/3 0.464 -0.911 0.627 -0.946 0.585 -0.973 0.560 -0.990 -5.000 -57.000 0.000 Forward 10.22 17.09 91.3 0.060
125 1/3 0.630 -0.980 0.338 -0.977 0.397 -0.980 0.337 -0.988 -5.000 -31.000 0.000 Forward 6.38 12.25 81.3 0.048
160 1/3 0.415 -0.930 0.227 -0.976 0.316 -0.958 0.224 -0.988 -5.000 -31.000 0.000 Forward 11.56 20.88 93.5 0.036
200 1/3 0.231 -0.954 0.228 -0.953 0.287 -0.976 0.276 -0.993 -5.000 -55.000 0.000 Forward 11.81 25.05 93.8 0.027
250 1/3 0.241 -0.971 0.275 -0.981 0.285 -0.992 0.269 -0.996 -5.000 -56.000 0.000 Forward 13.10 22.98 95.3 0.025
315 1/3 0.270 -0.979 0.253 -0.980 0.268 -0.991 0.283 -0.992 -5.000 -40.000 0.000 Forward 11.63 21.27 93.6 0.027
400 1/3 0.266 -0.991 0.286 -0.960 0.270 -0.991 0.280 -0.992 -5.000 -38.000 0.000 Forward 13.59 16.99 95.8 0.025
500 1/3 0.323 -0.974 0.210 -0.963 0.248 -0.977 0.227 -0.981 -5.000 -34.000 0.000 Forward 13.14 18.45 95.4 0.026
630 1/3 0.183 -0.972 0.165 -0.980 0.215 -0.977 0.183 -0.987 -5.000 -32.000 0.000 Forward 17.84 25.19 98.4 0.018
800 1/3 0.170 -0.981 0.273 -0.992 0.315 -0.990 0.270 -0.994 -5.000 -29.000 0.000 Forward 13.19 20.69 95.4 0.017
1000 1/3 0.284 -0.989 0.315 -0.989 0.339 -0.994 0.384 -0.998 -5.000 -60.000 0.000 Forward 12.55 18.32 94.7 0.020
1250 1/3 0.340 -0.981 0.318 -0.990 0.352 -0.995 0.405 -0.997 -5.000 -58.000 0.000 Forward 9.25 17.48 89.4 0.020
1600 1/3 0.253 -0.970 0.284 -0.996 0.291 -0.997 0.302 -0.997 -5.000 -41.000 0.000 Forward 12.51 18.58 94.7 0.017
2000 1/3 0.289 -0.948 0.280 -0.989 0.306 -0.995 0.307 -0.995 -5.000 -36.000 0.000 Forward 13.86 20.50 96.0 0.015
2500 1/3 0.371 -0.919 0.241 -0.977 0.282 -0.987 0.382 -0.988 -5.000 -54.000 0.000 Forward 15.28 21.24 97.1 0.015
3150 1/3 0.411 -0.925 0.238 -0.976 0.272 -0.986 0.336 -0.994 -5.000 -60.000 0.000 Forward 15.33 20.93 97.2 0.015
4000 1/3 0.340 -0.943 0.250 -0.995 0.269 -0.996 0.293 -0.997 -5.000 -49.000 0.000 Forward 13.79 21.09 96.0 0.012
5000 1/3 0.361 -0.910 0.301 -0.997 0.286 -0.998 0.290 -0.999 -5.000 -40.000 0.000 Forward 14.02 20.54 96.2 0.009
6300 1/3 0.383 -0.913 0.274 -0.994 0.287 -0.998 0.292 -0.999 -5.000 -46.000 0.000 Forward 14.92 21.40 96.9 0.009
8000 1/3 0.126 -0.807 0.301 -0.993 0.296 -0.998 0.302 -0.999 -8.000 -47.000 0.000 Forward 16.80 23.75 98.0 0.005
10000 1/3 0.102 -0.570 0.287 -0.985 0.257 -0.995 0.274 -0.997 -7.000 -45.000 0.000 Forward 18.22 26.35 98.5 0.004

full 1/3 0.350 -0.953 0.258 -0.996 0.280 -0.997 0.280 -0.997 -5.000 -35.000 0.000 Forward 15.79 22.75 97.4 0.007

