RT60 data saved by REW V5.31.1
Source: Scarlett 2i4 USB, MICROPHONE, R, volume: no control
Dated: May 7, 2024 2:02:26 PM
Measurement: front-empty-p1-r
Sweep level: -18.0 dBFS
Response measured over: 10.1 to 20,000.0 Hz
Peak value: 0.0077524814 at index 44100
Response length: 131072 samples
Sample interval: 2.2675736961451248E-5 seconds
Start time: -0.9999999837232462 seconds

Format is freq (Hz), BW (octaves), EDT (s), r, T20 (s), r, T30 (s), r, Topt (s), r, ToptStart (dB), ToptEnd (dB), T60M (s), reverse/forward/zero phase filtered, C50 (dB), C80 (dB), D50 (%), TS (s)

50 1/3 1.336 -0.960 0.731 -0.996 0.723 -0.999 0.718 -0.999 -5.000 -45.000 0.000 Forward -2.68 2.72 35.0 0.142
63 1/3 0.857 -0.966 0.658 -0.997 0.701 -0.998 0.725 -0.998 -5.000 -43.000 0.000 Forward 4.19 6.56 72.4 0.096
80 1/3 0.853 -0.973 0.425 -0.959 0.446 -0.983 0.471 -0.986 -5.000 -38.000 0.000 Forward 4.30 4.88 72.9 0.078
100 1/3 0.755 -0.986 0.424 -0.995 0.485 -0.992 0.433 -0.997 -5.000 -30.000 0.000 Forward 3.89 7.37 71.0 0.074
125 1/3 0.337 -0.963 0.354 -0.957 0.379 -0.984 0.403 -0.988 -5.000 -39.000 0.000 Forward 15.64 18.79 97.3 0.035
160 1/3 0.359 -0.973 0.259 -0.993 0.271 -0.991 0.241 -0.996 -5.000 -23.000 0.000 Forward 9.25 17.97 89.4 0.039
200 1/3 0.419 -0.955 0.457 -0.979 0.450 -0.992 0.478 -0.997 -5.000 -54.000 0.000 Forward 9.02 14.85 88.9 0.041
250 1/3 0.281 -0.980 0.482 -0.978 0.443 -0.991 0.401 -0.996 -5.000 -60.000 0.000 Forward 13.22 14.02 95.5 0.027
315 1/3 0.167 -0.957 0.447 -0.951 0.407 -0.985 0.415 -0.996 -7.000 -60.000 0.000 Forward 11.44 12.90 93.3 0.024
400 1/3 0.178 -0.950 0.445 -0.987 0.440 -0.996 0.488 -0.998 -10.000 -60.000 0.000 Forward 13.36 17.18 95.6 0.023
500 1/3 0.363 -0.955 0.390 -0.994 0.434 -0.996 0.447 -0.996 -5.000 -39.000 0.000 Forward 8.31 12.76 87.1 0.038
630 1/3 0.435 -0.986 0.408 -0.996 0.449 -0.995 0.412 -0.998 -5.000 -30.000 0.000 Forward 5.85 10.03 79.4 0.042
800 1/3 0.450 -0.982 0.394 -0.995 0.397 -0.998 0.399 -0.998 -5.000 -36.000 0.000 Forward 6.32 12.00 81.1 0.033
1000 1/3 0.354 -0.977 0.380 -0.994 0.404 -0.997 0.458 -0.997 -5.000 -56.000 0.000 Forward 9.73 14.21 90.4 0.026
1250 1/3 0.355 -0.983 0.364 -0.996 0.411 -0.996 0.480 -0.997 -5.000 -60.000 0.000 Forward 8.49 14.46 87.6 0.030
1600 1/3 0.403 -0.990 0.443 -0.991 0.461 -0.996 0.453 -0.998 -5.000 -46.000 0.000 Forward 8.35 13.99 87.2 0.023
2000 1/3 0.364 -0.982 0.416 -0.994 0.433 -0.997 0.466 -0.998 -5.000 -52.000 0.000 Forward 9.14 12.43 89.1 0.026
2500 1/3 0.399 -0.944 0.408 -0.989 0.426 -0.996 0.481 -0.997 -5.000 -60.000 0.000 Forward 12.47 15.92 94.6 0.016
3150 1/3 0.355 -0.953 0.413 -0.998 0.421 -0.999 0.424 -0.999 -5.000 -46.000 0.000 Forward 11.09 14.85 92.8 0.014
4000 1/3 0.381 -0.958 0.449 -0.994 0.432 -0.997 0.429 -0.999 -5.000 -49.000 0.000 Forward 10.97 15.51 92.6 0.015
5000 1/3 0.438 -0.963 0.424 -0.996 0.438 -0.998 0.442 -1.000 -5.000 -59.000 0.000 Forward 10.15 15.28 91.2 0.017
6300 1/3 0.422 -0.977 0.391 -0.997 0.421 -0.998 0.421 -0.999 -5.000 -60.000 0.000 Forward 9.50 15.65 89.9 0.015
8000 1/3 0.394 -0.951 0.363 -0.997 0.392 -0.998 0.401 -0.999 -5.000 -60.000 0.000 Forward 10.96 17.18 92.6 0.012
10000 1/3 0.345 -0.925 0.339 -0.997 0.355 -0.999 0.363 -1.000 -5.000 -60.000 0.000 Forward 12.00 18.05 94.1 0.011

full 1/3 0.383 -0.989 0.393 -0.999 0.415 -0.999 0.417 -0.999 -5.000 -36.000 0.000 Forward 10.67 15.32 92.1 0.015

