RT60 data saved by REW V5.31.1
Source: Scarlett 2i4 USB, MICROPHONE, R, volume: no control
Dated: May 7, 2024 3:23:29 PM
Measurement: front-l1-r1-p1-c
Sweep level: -18.0 dBFS
Response measured over: 10.1 to 20,000.0 Hz
Peak value: 0.022329766 at index 44100
Response length: 131072 samples
Sample interval: 2.2675736961451248E-5 seconds
Start time: -1.000000000373193 seconds

Format is freq (Hz), BW (octaves), EDT (s), r, T20 (s), r, T30 (s), r, Topt (s), r, ToptStart (dB), ToptEnd (dB), T60M (s), reverse/forward/zero phase filtered, C50 (dB), C80 (dB), D50 (%), TS (s)

50 1/3 0.682 -0.931 0.520 -0.995 0.543 -0.998 0.558 -0.999 -5.000 -55.000 0.000 Forward 11.48 17.46 93.4 0.077
63 1/3 0.825 -0.895 0.442 -0.966 0.398 -0.987 0.393 -0.992 -5.000 -39.000 0.000 Forward 2.42 10.82 63.6 0.085
80 1/3 0.830 -0.844 0.571 -0.934 0.533 -0.963 0.564 -0.993 -5.000 -58.000 0.000 Forward 1.99 14.85 61.3 0.083
100 1/3 0.469 -0.930 0.623 -0.969 0.547 -0.983 0.513 -0.990 -5.000 -40.000 0.000 Forward 9.58 16.69 90.1 0.060
125 1/3 0.654 -0.950 0.386 -0.962 0.442 -0.981 0.488 -0.991 -5.000 -51.000 0.000 Forward 5.82 11.04 79.3 0.047
160 1/3 0.410 -0.931 0.237 -0.972 0.319 -0.956 0.214 -0.985 -5.000 -30.000 0.000 Forward 11.17 20.37 92.9 0.036
200 1/3 0.271 -0.946 0.267 -0.970 0.298 -0.985 0.274 -0.990 -5.000 -52.000 0.000 Forward 11.17 23.35 92.9 0.028
250 1/3 0.243 -0.974 0.348 -0.980 0.309 -0.989 0.317 -0.995 -5.000 -60.000 0.000 Forward 12.21 19.72 94.3 0.025
315 1/3 0.363 -0.970 0.277 -0.970 0.266 -0.988 0.272 -0.990 -5.000 -37.000 0.000 Forward 9.07 17.99 89.0 0.030
400 1/3 0.263 -0.981 0.354 -0.969 0.305 -0.986 0.314 -0.993 -5.000 -41.000 0.000 Forward 13.81 18.15 96.0 0.026
500 1/3 0.324 -0.982 0.191 -0.954 0.285 -0.966 0.224 -0.976 -5.000 -31.000 0.000 Forward 11.12 18.97 92.8 0.028
630 1/3 0.170 -0.966 0.175 -0.982 0.250 -0.973 0.342 -0.988 -5.000 -57.000 0.000 Forward 17.37 25.75 98.2 0.017
800 1/3 0.174 -0.977 0.324 -0.964 0.300 -0.987 0.407 -0.991 -5.000 -60.000 0.000 Forward 12.02 17.78 94.1 0.019
1000 1/3 0.237 -0.989 0.346 -0.996 0.357 -0.994 0.397 -0.997 -5.000 -56.000 0.000 Forward 11.37 16.60 93.2 0.020
1250 1/3 0.296 -0.984 0.356 -0.993 0.372 -0.997 0.384 -0.998 -5.000 -49.000 0.000 Forward 9.93 16.68 90.8 0.021
1600 1/3 0.252 -0.975 0.285 -0.993 0.299 -0.997 0.306 -0.997 -5.000 -39.000 0.000 Forward 12.10 19.15 94.2 0.018
2000 1/3 0.278 -0.955 0.274 -0.992 0.306 -0.994 0.309 -0.995 -5.000 -36.000 0.000 Forward 13.24 20.53 95.5 0.016
2500 1/3 0.384 -0.910 0.249 -0.975 0.308 -0.985 0.425 -0.990 -5.000 -60.000 0.000 Forward 14.10 20.95 96.3 0.016
3150 1/3 0.356 -0.958 0.274 -0.986 0.301 -0.994 0.311 -0.997 -5.000 -43.000 0.000 Forward 14.11 18.96 96.3 0.015
4000 1/3 0.337 -0.950 0.269 -0.996 0.277 -0.996 0.266 -0.997 -5.000 -32.000 0.000 Forward 12.86 19.69 95.1 0.013
5000 1/3 0.328 -0.932 0.326 -0.997 0.303 -0.998 0.315 -0.998 -5.000 -44.000 0.000 Forward 13.32 19.59 95.6 0.009
6300 1/3 0.371 -0.926 0.292 -0.995 0.297 -0.998 0.298 -0.999 -5.000 -41.000 0.000 Forward 14.79 20.42 96.8 0.010
8000 1/3 0.162 -0.845 0.313 -0.992 0.295 -0.997 0.309 -0.998 -5.000 -50.000 0.000 Forward 15.64 22.37 97.3 0.006
10000 1/3 0.124 -0.566 0.297 -0.982 0.269 -0.995 0.279 -0.997 -7.000 -44.000 0.000 Forward 17.41 25.69 98.2 0.004

full 1/3 0.344 -0.960 0.276 -0.997 0.291 -0.998 0.288 -0.998 -5.000 -34.000 0.000 Forward 14.98 21.84 96.9 0.008

