RT60 data saved by REW V5.31.1
Source: Scarlett 2i4 USB, MICROPHONE, R, volume: no control
Dated: May 7, 2024 1:52:27 PM
Measurement: front-empty-p2-l
Sweep level: -18.0 dBFS
Response measured over: 10.1 to 20,000.0 Hz
Peak value: 0.0083851805 at index 44100
Response length: 131072 samples
Sample interval: 2.2675736961451248E-5 seconds
Start time: -0.9999999687349969 seconds

Format is freq (Hz), BW (octaves), EDT (s), r, T20 (s), r, T30 (s), r, Topt (s), r, ToptStart (dB), ToptEnd (dB), T60M (s), reverse/forward/zero phase filtered, C50 (dB), C80 (dB), D50 (%), TS (s)

50 1/3 1.057 -0.946 0.687 -0.991 0.659 -0.996 0.664 -0.998 -5.000 -49.000 0.000 Forward -0.88 5.30 44.9 0.129
63 1/3 0.866 -0.966 0.640 -0.993 0.654 -0.997 0.672 -0.998 -5.000 -45.000 0.000 Forward 3.25 5.51 67.9 0.097
80 1/3 1.013 -0.943 0.268 -0.972 0.448 -0.960 0.206 -0.999 -5.000 -23.000 0.000 Forward 1.01 4.02 55.8 0.085
100 1/3 0.709 -0.956 0.578 -0.993 0.591 -0.998 0.589 -0.999 -5.000 -41.000 0.000 Forward 2.61 8.65 64.6 0.081
125 1/3 0.311 -0.893 0.539 -0.965 0.499 -0.981 0.502 -0.992 -5.000 -54.000 0.000 Forward 12.71 18.49 94.9 0.035
160 1/3 0.379 -0.974 0.316 -0.985 0.380 -0.987 0.377 -0.989 -5.000 -36.000 0.000 Forward 9.84 13.06 90.6 0.039
200 1/3 0.517 -0.991 0.440 -0.990 0.478 -0.992 0.430 -0.997 -5.000 -60.000 0.000 Forward 6.40 10.87 81.3 0.041
250 1/3 0.314 -0.981 0.437 -0.987 0.507 -0.990 0.492 -0.998 -5.000 -60.000 0.000 Forward 9.88 14.00 90.7 0.032
315 1/3 0.374 -0.969 0.302 -0.989 0.294 -0.992 0.280 -0.993 -5.000 -34.000 0.000 Forward 7.44 16.12 84.7 0.032
400 1/3 0.194 -0.981 0.466 -0.961 0.400 -0.987 0.435 -0.994 -7.000 -50.000 0.000 Forward 12.61 15.04 94.8 0.021
500 1/3 0.197 -0.979 0.391 -0.990 0.435 -0.992 0.409 -0.996 -10.000 -34.000 0.000 Forward 12.03 15.65 94.1 0.020
630 1/3 0.281 -0.961 0.435 -0.996 0.446 -0.997 0.466 -0.998 -5.000 -47.000 0.000 Forward 10.60 14.89 92.0 0.018
800 1/3 0.263 -0.981 0.417 -0.993 0.430 -0.997 0.434 -0.998 -5.000 -41.000 0.000 Forward 11.25 14.23 93.0 0.021
1000 1/3 0.289 -0.990 0.395 -0.993 0.390 -0.996 0.410 -0.996 -5.000 -42.000 0.000 Forward 9.37 13.09 89.6 0.027
1250 1/3 0.299 -0.988 0.356 -0.994 0.386 -0.995 0.323 -0.997 -5.000 -21.000 0.000 Forward 9.70 14.87 90.3 0.026
1600 1/3 0.379 -0.992 0.394 -0.997 0.439 -0.996 0.382 -0.998 -5.000 -24.000 0.000 Forward 8.64 12.77 88.0 0.025
2000 1/3 0.369 -0.965 0.389 -0.997 0.409 -0.998 0.395 -0.998 -5.000 -30.000 0.000 Forward 9.40 13.69 89.7 0.020
2500 1/3 0.260 -0.924 0.412 -0.997 0.447 -0.997 0.417 -0.998 -5.000 -28.000 0.000 Forward 11.57 17.02 93.5 0.012
3150 1/3 0.382 -0.975 0.427 -0.998 0.441 -0.998 0.431 -0.999 -5.000 -32.000 0.000 Forward 9.26 12.63 89.4 0.018
4000 1/3 0.381 -0.952 0.480 -0.998 0.469 -0.999 0.467 -1.000 -5.000 -43.000 0.000 Forward 10.51 14.63 91.8 0.014
5000 1/3 0.314 -0.898 0.404 -0.994 0.430 -0.997 0.437 -0.999 -5.000 -43.000 0.000 Forward 13.05 18.06 95.3 0.010
6300 1/3 0.462 -0.945 0.424 -0.996 0.422 -0.999 0.437 -0.999 -5.000 -45.000 0.000 Forward 10.42 13.89 91.7 0.014
8000 1/3 0.334 -0.902 0.422 -0.997 0.417 -0.999 0.426 -0.999 -5.000 -46.000 0.000 Forward 12.92 16.61 95.1 0.009
10000 1/3 0.167 -0.954 0.349 -0.989 0.348 -0.997 0.404 -0.998 -9.000 -60.000 0.000 Forward 15.19 19.47 97.1 0.008

full 1/3 0.342 -0.983 0.415 -0.999 0.442 -0.999 0.423 -1.000 -5.000 -30.000 0.000 Forward 11.34 15.48 93.2 0.013

