RT60 data saved by REW V5.31.1
Source: Scarlett 2i4 USB, MICROPHONE, R, volume: no control
Dated: May 7, 2024 4:21:11 PM
Measurement: front-l12-r12-p3-r
Sweep level: -18.0 dBFS
Response measured over: 10.1 to 20,000.0 Hz
Peak value: 0.008625277 at index 44100
Response length: 131072 samples
Sample interval: 2.2675736961451248E-5 seconds
Start time: -0.9999999980779918 seconds

Format is freq (Hz), BW (octaves), EDT (s), r, T20 (s), r, T30 (s), r, Topt (s), r, ToptStart (dB), ToptEnd (dB), T60M (s), reverse/forward/zero phase filtered, C50 (dB), C80 (dB), D50 (%), TS (s)

50 1/3 1.122 -0.951 0.690 -0.993 0.663 -0.997 0.641 -0.998 -5.000 -55.000 0.000 Forward -1.66 4.49 40.6 0.134
63 1/3 0.926 -0.958 0.582 -0.999 0.639 -0.998 0.582 -0.999 -5.000 -25.000 0.000 Forward 1.65 5.48 59.4 0.103
80 1/3 0.746 -0.946 0.473 -0.990 0.549 -0.990 0.493 -0.995 -5.000 -31.000 0.000 Forward 3.34 8.62 68.3 0.077
100 1/3 0.513 -0.959 0.433 -0.978 0.497 -0.990 0.543 -0.995 -5.000 -58.000 0.000 Forward 8.14 9.59 86.7 0.062
125 1/3 0.370 -0.925 0.258 -0.916 0.327 -0.946 0.116 -0.989 -5.000 -20.000 0.000 Forward 18.48 21.17 98.6 0.038
160 1/3 0.270 -0.969 0.321 -0.986 0.330 -0.995 0.332 -0.995 -5.000 -36.000 0.000 Forward 10.46 16.79 91.7 0.031
200 1/3 0.363 -0.952 0.315 -0.974 0.317 -0.985 0.317 -0.995 -5.000 -58.000 0.000 Forward 11.67 14.29 93.6 0.035
250 1/3 0.287 -0.984 0.225 -0.997 0.248 -0.996 0.253 -0.998 -5.000 -50.000 0.000 Forward 14.72 22.21 96.7 0.028
315 1/3 0.230 -0.963 0.254 -0.977 0.235 -0.992 0.279 -0.993 -5.000 -60.000 0.000 Forward 15.91 22.31 97.5 0.024
400 1/3 0.188 -0.961 0.262 -0.981 0.224 -0.989 0.227 -0.994 -5.000 -40.000 0.000 Forward 16.29 20.56 97.7 0.022
500 1/3 0.380 -0.937 0.275 -0.966 0.298 -0.982 0.291 -0.993 -5.000 -48.000 0.000 Forward 10.44 20.64 91.7 0.025
630 1/3 0.361 -0.975 0.264 -0.986 0.274 -0.993 0.289 -0.996 -5.000 -46.000 0.000 Forward 11.36 18.74 93.2 0.025
800 1/3 0.373 -0.996 0.250 -0.994 0.271 -0.996 0.278 -0.997 -5.000 -42.000 0.000 Forward 7.79 17.64 85.7 0.026
1000 1/3 0.201 -0.980 0.275 -0.995 0.303 -0.997 0.323 -0.998 -5.000 -46.000 0.000 Forward 13.53 20.73 95.8 0.017
1250 1/3 0.195 -0.991 0.316 -0.990 0.313 -0.996 0.340 -0.997 -5.000 -47.000 0.000 Forward 14.42 20.16 96.5 0.016
1600 1/3 0.286 -0.983 0.329 -0.996 0.368 -0.996 0.402 -0.997 -5.000 -48.000 0.000 Forward 11.38 18.08 93.2 0.016
2000 1/3 0.305 -0.932 0.299 -0.993 0.310 -0.998 0.319 -0.998 -5.000 -41.000 0.000 Forward 14.23 19.96 96.4 0.012
2500 1/3 0.208 -0.958 0.317 -0.998 0.334 -0.999 0.334 -0.999 -5.000 -35.000 0.000 Forward 14.36 19.49 96.5 0.011
3150 1/3 0.302 -0.925 0.302 -0.996 0.329 -0.997 0.336 -0.998 -5.000 -41.000 0.000 Forward 13.40 20.35 95.6 0.010
4000 1/3 0.472 -0.856 0.370 -0.991 0.359 -0.996 0.371 -0.999 -5.000 -57.000 0.000 Forward 13.29 17.94 95.5 0.011
5000 1/3 0.315 -0.925 0.330 -0.992 0.339 -0.997 0.367 -0.998 -5.000 -55.000 0.000 Forward 14.62 19.48 96.7 0.010
6300 1/3 0.149 -0.808 0.380 -0.989 0.337 -0.995 0.347 -0.998 -7.000 -50.000 0.000 Forward 14.13 19.18 96.3 0.006
8000 1/3 0.513 -0.841 0.323 -0.994 0.339 -0.997 0.374 -0.998 -5.000 -53.000 0.000 Forward 13.98 19.45 96.2 0.009
10000 1/3 0.528 -0.837 0.270 -0.987 0.295 -0.994 0.318 -0.997 -5.000 -49.000 0.000 Forward 15.99 21.82 97.5 0.008

full 1/3 0.368 -0.976 0.418 -0.989 0.490 -0.990 0.343 -0.997 -5.000 -20.000 0.000 Forward 12.39 17.62 94.5 0.011

