RT60 data saved by REW V5.31.1
Source: Scarlett 2i4 USB, MICROPHONE, R, volume: no control
Dated: May 7, 2024 3:44:57 PM
Measurement: front-l12-r1-p1-r
Sweep level: -18.0 dBFS
Response measured over: 10.1 to 20,000.0 Hz
Peak value: 0.0074484507 at index 44100
Response length: 131072 samples
Sample interval: 2.2675736961451248E-5 seconds
Start time: -0.999999981803442 seconds

Format is freq (Hz), BW (octaves), EDT (s), r, T20 (s), r, T30 (s), r, Topt (s), r, ToptStart (dB), ToptEnd (dB), T60M (s), reverse/forward/zero phase filtered, C50 (dB), C80 (dB), D50 (%), TS (s)

50 1/3 1.313 -0.959 0.694 -0.996 0.694 -0.999 0.683 -0.999 -5.000 -42.000 0.000 Forward -2.78 2.69 34.5 0.142
63 1/3 0.807 -0.959 0.599 -0.996 0.630 -0.998 0.634 -0.998 -5.000 -36.000 0.000 Forward 4.48 7.18 73.7 0.094
80 1/3 0.854 -0.972 0.381 -0.956 0.444 -0.978 0.576 -0.984 -5.000 -57.000 0.000 Forward 4.25 4.84 72.7 0.079
100 1/3 0.753 -0.984 0.375 -0.994 0.393 -0.997 0.383 -0.997 -5.000 -33.000 0.000 Forward 4.02 7.51 71.6 0.074
125 1/3 0.328 -0.946 0.417 -0.939 0.357 -0.970 0.385 -0.987 -5.000 -51.000 0.000 Forward 17.06 20.03 98.1 0.036
160 1/3 0.357 -0.983 0.207 -0.992 0.228 -0.981 0.193 -0.993 -5.000 -32.000 0.000 Forward 9.70 19.15 90.3 0.037
200 1/3 0.482 -0.900 0.227 -0.985 0.335 -0.979 0.418 -0.990 -5.000 -59.000 0.000 Forward 12.51 17.97 94.7 0.039
250 1/3 0.292 -0.983 0.301 -0.982 0.295 -0.992 0.304 -0.996 -5.000 -50.000 0.000 Forward 14.92 16.25 96.9 0.027
315 1/3 0.218 -0.953 0.360 -0.976 0.269 -0.945 0.248 -0.984 -5.000 -50.000 0.000 Forward 11.41 16.21 93.3 0.023
400 1/3 0.178 -0.955 0.313 -0.974 0.332 -0.989 0.327 -0.996 -5.000 -60.000 0.000 Forward 16.52 20.37 97.8 0.022
500 1/3 0.441 -0.942 0.302 -0.980 0.290 -0.990 0.307 -0.995 -5.000 -47.000 0.000 Forward 12.02 17.44 94.1 0.029
630 1/3 0.412 -0.986 0.281 -0.984 0.294 -0.993 0.339 -0.996 -5.000 -60.000 0.000 Forward 8.89 13.35 88.6 0.026
800 1/3 0.226 -0.944 0.401 -0.985 0.348 -0.988 0.344 -0.996 -5.000 -60.000 0.000 Forward 10.62 17.00 92.0 0.015
1000 1/3 0.278 -0.986 0.308 -0.993 0.322 -0.996 0.340 -0.997 -5.000 -45.000 0.000 Forward 13.74 18.18 95.9 0.018
1250 1/3 0.300 -0.983 0.320 -0.997 0.346 -0.995 0.316 -0.998 -5.000 -30.000 0.000 Forward 11.12 17.12 92.8 0.020
1600 1/3 0.268 -0.995 0.312 -0.999 0.349 -0.996 0.320 -0.999 -5.000 -29.000 0.000 Forward 10.70 16.90 92.2 0.019
2000 1/3 0.287 -0.984 0.378 -0.989 0.352 -0.996 0.357 -0.996 -5.000 -37.000 0.000 Forward 11.86 15.99 93.9 0.017
2500 1/3 0.296 -0.962 0.340 -0.992 0.396 -0.991 0.436 -0.997 -5.000 -59.000 0.000 Forward 13.54 18.41 95.8 0.014
3150 1/3 0.329 -0.958 0.335 -0.994 0.348 -0.998 0.358 -0.998 -5.000 -45.000 0.000 Forward 12.14 19.07 94.2 0.012
4000 1/3 0.398 -0.896 0.387 -0.989 0.372 -0.996 0.373 -0.998 -5.000 -46.000 0.000 Forward 12.49 16.92 94.7 0.013
5000 1/3 0.388 -0.965 0.349 -0.997 0.359 -0.999 0.360 -0.999 -5.000 -46.000 0.000 Forward 10.83 17.00 92.4 0.013
6300 1/3 0.359 -0.951 0.307 -0.998 0.330 -0.998 0.352 -0.999 -5.000 -50.000 0.000 Forward 12.50 18.47 94.7 0.012
8000 1/3 0.383 -0.894 0.349 -0.994 0.355 -0.997 0.369 -0.999 -5.000 -47.000 0.000 Forward 11.90 17.43 93.9 0.010
10000 1/3 0.410 -0.900 0.295 -0.992 0.310 -0.997 0.328 -0.997 -5.000 -44.000 0.000 Forward 12.53 19.38 94.7 0.010

full 1/3 0.336 -0.975 0.343 -0.998 0.359 -0.999 0.353 -0.999 -5.000 -32.000 0.000 Forward 12.42 17.73 94.6 0.012

