RT60 data saved by REW V5.31.1
Source: Scarlett 2i4 USB, MICROPHONE, R, volume: no control
Dated: May 7, 2024 4:20:43 PM
Measurement: front-l12-r12-p3-c
Sweep level: -18.0 dBFS
Response measured over: 10.1 to 20,000.0 Hz
Peak value: 0.017734047 at index 44100
Response length: 131072 samples
Sample interval: 2.2675736961451248E-5 seconds
Start time: -1.0000000068301191 seconds

Format is freq (Hz), BW (octaves), EDT (s), r, T20 (s), r, T30 (s), r, Topt (s), r, ToptStart (dB), ToptEnd (dB), T60M (s), reverse/forward/zero phase filtered, C50 (dB), C80 (dB), D50 (%), TS (s)

50 1/3 0.729 -0.946 0.650 -0.996 0.590 -0.996 0.700 -0.997 -5.000 -20.000 0.000 Forward 8.60 11.87 87.9 0.088
63 1/3 0.792 -0.858 0.421 -0.963 0.552 -0.954 0.391 -0.987 -5.000 -32.000 0.000 Forward 7.10 15.64 83.7 0.080
80 1/3 0.775 -0.938 0.506 -0.986 0.517 -0.994 0.497 -0.995 -5.000 -34.000 0.000 Forward 3.40 10.08 68.6 0.080
100 1/3 0.692 -0.926 0.525 -0.991 0.451 -0.990 0.587 -0.994 -5.000 -20.000 0.000 Forward 1.07 8.00 56.1 0.083
125 1/3 0.573 -0.948 0.282 -0.978 0.388 -0.974 0.287 -0.987 -5.000 -28.000 0.000 Forward 6.08 14.09 80.2 0.060
160 1/3 0.400 -0.922 0.363 -0.975 0.403 -0.989 0.281 -0.996 -5.000 -22.000 0.000 Forward 7.61 14.97 85.2 0.046
200 1/3 0.486 -0.987 0.300 -0.992 0.275 -0.993 0.293 -0.995 -5.000 -30.000 0.000 Forward 5.68 14.90 78.7 0.039
250 1/3 0.176 -0.970 0.345 -0.990 0.315 -0.994 0.297 -0.998 -5.000 -60.000 0.000 Forward 13.57 20.26 95.8 0.020
315 1/3 0.300 -0.970 0.261 -0.979 0.274 -0.990 0.282 -0.996 -5.000 -58.000 0.000 Forward 16.31 20.66 97.7 0.023
400 1/3 0.271 -0.973 0.257 -0.983 0.311 -0.982 0.269 -0.992 -5.000 -32.000 0.000 Forward 10.40 17.91 91.6 0.025
500 1/3 0.287 -0.990 0.209 -0.956 0.210 -0.984 0.202 -0.985 -5.000 -34.000 0.000 Forward 9.66 22.71 90.3 0.026
630 1/3 0.205 -0.982 0.278 -0.981 0.271 -0.995 0.272 -0.997 -5.000 -43.000 0.000 Forward 15.49 19.55 97.3 0.018
800 1/3 0.358 -0.978 0.244 -0.973 0.302 -0.983 0.274 -0.988 -5.000 -33.000 0.000 Forward 13.69 18.98 95.9 0.022
1000 1/3 0.351 -0.990 0.285 -0.990 0.305 -0.996 0.336 -0.997 -5.000 -49.000 0.000 Forward 9.73 17.97 90.4 0.022
1250 1/3 0.241 -0.994 0.316 -0.992 0.313 -0.997 0.315 -0.998 -5.000 -40.000 0.000 Forward 12.43 17.01 94.6 0.020
1600 1/3 0.217 -0.986 0.285 -0.996 0.306 -0.998 0.307 -0.998 -5.000 -36.000 0.000 Forward 13.86 19.89 96.1 0.015
2000 1/3 0.120 -0.965 0.337 -0.993 0.341 -0.997 0.349 -0.999 -9.000 -44.000 0.000 Forward 14.43 20.98 96.5 0.012
2500 1/3 0.184 -0.968 0.314 -0.996 0.310 -0.997 0.322 -0.998 -5.000 -42.000 0.000 Forward 13.80 19.87 96.0 0.011
3150 1/3 0.273 -0.963 0.255 -0.995 0.268 -0.997 0.262 -0.998 -5.000 -33.000 0.000 Forward 14.37 21.64 96.5 0.012
4000 1/3 0.184 -0.966 0.306 -0.996 0.301 -0.999 0.304 -0.999 -5.000 -50.000 0.000 Forward 15.37 20.68 97.2 0.008
5000 1/3 0.255 -0.947 0.257 -0.995 0.272 -0.998 0.269 -0.998 -5.000 -34.000 0.000 Forward 15.82 22.48 97.4 0.009
6300 1/3 0.368 -0.946 0.260 -0.995 0.268 -0.998 0.272 -0.998 -5.000 -39.000 0.000 Forward 12.64 19.85 94.8 0.014
8000 1/3 0.157 -0.916 0.275 -0.995 0.295 -0.997 0.306 -0.999 -5.000 -46.000 0.000 Forward 16.59 23.60 97.9 0.006
10000 1/3 0.434 -0.853 0.233 -0.981 0.257 -0.993 0.274 -0.995 -5.000 -42.000 0.000 Forward 17.75 25.31 98.4 0.006

full 1/3 0.302 -0.956 0.268 -0.997 0.289 -0.997 0.273 -0.998 -5.000 -29.000 0.000 Forward 15.41 22.22 97.2 0.008

