RT60 data saved by REW V5.31.1
Source: Scarlett 2i4 USB, MICROPHONE, R, volume: no control
Dated: May 7, 2024 4:17:21 PM
Measurement: front-l12-r12-p2-c
Sweep level: -18.0 dBFS
Response measured over: 10.1 to 20,000.0 Hz
Peak value: 0.017298762 at index 44100
Response length: 131072 samples
Sample interval: 2.2675736961451248E-5 seconds
Start time: -1.0000000185741391 seconds

Format is freq (Hz), BW (octaves), EDT (s), r, T20 (s), r, T30 (s), r, Topt (s), r, ToptStart (dB), ToptEnd (dB), T60M (s), reverse/forward/zero phase filtered, C50 (dB), C80 (dB), D50 (%), TS (s)

50 1/3 0.614 -0.969 0.869 -0.990 1.100 -0.985 0.951 -0.993 -5.000 -30.000 0.000 Forward 6.59 8.99 82.0 0.070
63 1/3 0.893 -0.894 0.464 -0.955 0.491 -0.987 0.491 -0.987 -5.000 -35.000 0.000 Forward 0.76 8.79 54.3 0.089
80 1/3 0.930 -0.879 0.484 -0.973 0.561 -0.975 0.546 -0.990 -5.000 -57.000 0.000 Forward -1.42 9.25 41.9 0.086
100 1/3 1.127 -0.953 0.437 -0.993 0.522 -0.988 0.437 -0.995 -5.000 -29.000 0.000 Forward -0.45 1.87 47.4 0.101
125 1/3 0.349 -0.895 0.517 -0.978 0.513 -0.993 0.527 -0.995 -5.000 -41.000 0.000 Forward 12.36 16.27 94.5 0.040
160 1/3 0.369 -0.924 0.255 -0.982 0.400 -0.967 0.478 -0.984 -5.000 -58.000 0.000 Forward 8.87 19.25 88.5 0.039
200 1/3 0.491 -0.968 0.205 -0.974 0.255 -0.984 0.272 -0.987 -5.000 -39.000 0.000 Forward 6.60 20.51 82.0 0.038
250 1/3 0.305 -0.978 0.309 -0.983 0.259 -0.987 0.236 -0.990 -5.000 -43.000 0.000 Forward 10.39 18.26 91.6 0.025
315 1/3 0.423 -0.976 0.216 -0.987 0.243 -0.990 0.275 -0.995 -5.000 -57.000 0.000 Forward 8.08 18.72 86.5 0.030
400 1/3 0.212 -0.979 0.261 -0.987 0.266 -0.994 0.276 -0.996 -5.000 -44.000 0.000 Forward 12.08 20.14 94.2 0.023
500 1/3 0.193 -0.914 0.344 -0.982 0.321 -0.994 0.324 -0.996 -5.000 -43.000 0.000 Forward 12.83 18.65 95.0 0.021
630 1/3 0.153 -0.886 0.260 -0.981 0.263 -0.993 0.284 -0.995 -5.000 -44.000 0.000 Forward 16.22 25.73 97.7 0.017
800 1/3 0.258 -0.977 0.337 -0.984 0.350 -0.994 0.373 -0.995 -5.000 -42.000 0.000 Forward 13.57 18.04 95.8 0.023
1000 1/3 0.251 -0.974 0.297 -0.998 0.314 -0.996 0.289 -0.998 -5.000 -29.000 0.000 Forward 11.79 17.88 93.8 0.025
1250 1/3 0.246 -0.983 0.263 -0.989 0.300 -0.992 0.366 -0.994 -5.000 -58.000 0.000 Forward 10.33 19.45 91.5 0.023
1600 1/3 0.248 -0.991 0.279 -0.990 0.302 -0.995 0.346 -0.997 -5.000 -54.000 0.000 Forward 13.33 20.55 95.6 0.018
2000 1/3 0.245 -0.991 0.299 -0.995 0.297 -0.997 0.308 -0.998 -5.000 -43.000 0.000 Forward 11.45 18.15 93.3 0.019
2500 1/3 0.269 -0.976 0.290 -0.996 0.287 -0.998 0.287 -0.998 -5.000 -35.000 0.000 Forward 12.63 19.18 94.8 0.014
3150 1/3 0.308 -0.950 0.244 -0.991 0.276 -0.994 0.290 -0.995 -5.000 -42.000 0.000 Forward 13.11 19.23 95.3 0.016
4000 1/3 0.348 -0.924 0.250 -0.989 0.282 -0.994 0.343 -0.996 -5.000 -60.000 0.000 Forward 14.04 19.20 96.2 0.014
5000 1/3 0.443 -0.856 0.285 -0.989 0.293 -0.996 0.304 -0.998 -5.000 -46.000 0.000 Forward 14.45 21.89 96.5 0.009
6300 1/3 0.416 -0.917 0.271 -0.995 0.282 -0.998 0.286 -0.999 -5.000 -40.000 0.000 Forward 14.20 21.25 96.3 0.010
8000 1/3 0.202 -0.889 0.304 -0.996 0.292 -0.998 0.298 -0.999 -5.000 -45.000 0.000 Forward 15.34 22.21 97.2 0.006
10000 1/3 0.158 -0.771 0.274 -0.997 0.269 -0.999 0.272 -0.999 -5.000 -38.000 0.000 Forward 17.34 24.37 98.2 0.005

full 1/3 0.326 -0.979 0.273 -0.998 0.290 -0.998 0.276 -0.999 -5.000 -29.000 0.000 Forward 14.66 21.50 96.7 0.009

