RT60 data saved by REW V5.31.1
Source: Scarlett 2i4 USB, MICROPHONE, R, volume: no control
Dated: May 7, 2024 3:45:16 PM
Measurement: front-l12-r1-p1-c
Sweep level: -18.0 dBFS
Response measured over: 10.1 to 20,000.0 Hz
Peak value: 0.021533556 at index 44100
Response length: 131072 samples
Sample interval: 2.2675736961451248E-5 seconds
Start time: -0.9999999998298467 seconds

Format is freq (Hz), BW (octaves), EDT (s), r, T20 (s), r, T30 (s), r, Topt (s), r, ToptStart (dB), ToptEnd (dB), T60M (s), reverse/forward/zero phase filtered, C50 (dB), C80 (dB), D50 (%), TS (s)

50 1/3 0.684 -0.930 0.513 -0.995 0.536 -0.998 0.541 -0.999 -5.000 -39.000 0.000 Forward 11.48 17.52 93.4 0.076
63 1/3 0.809 -0.896 0.442 -0.971 0.375 -0.978 0.326 -0.990 -5.000 -49.000 0.000 Forward 2.15 10.46 62.1 0.086
80 1/3 0.816 -0.846 0.556 -0.950 0.526 -0.964 0.498 -0.990 -5.000 -55.000 0.000 Forward 2.20 14.52 62.4 0.083
100 1/3 0.460 -0.910 0.637 -0.957 0.584 -0.980 0.609 -0.991 -5.000 -56.000 0.000 Forward 10.38 17.04 91.6 0.060
125 1/3 0.639 -0.969 0.358 -0.970 0.424 -0.973 0.470 -0.989 -5.000 -54.000 0.000 Forward 6.04 11.80 80.1 0.047
160 1/3 0.414 -0.930 0.239 -0.971 0.311 -0.960 0.221 -0.985 -5.000 -30.000 0.000 Forward 11.53 20.08 93.4 0.036
200 1/3 0.198 -0.944 0.227 -0.953 0.298 -0.974 0.285 -0.990 -5.000 -52.000 0.000 Forward 11.94 25.17 94.0 0.027
250 1/3 0.238 -0.973 0.301 -0.979 0.302 -0.991 0.272 -0.995 -5.000 -50.000 0.000 Forward 12.63 21.78 94.8 0.025
315 1/3 0.303 -0.976 0.291 -0.979 0.285 -0.988 0.298 -0.992 -5.000 -41.000 0.000 Forward 10.08 20.20 91.1 0.029
400 1/3 0.256 -0.984 0.316 -0.975 0.283 -0.987 0.288 -0.992 -5.000 -39.000 0.000 Forward 13.78 17.29 96.0 0.025
500 1/3 0.310 -0.978 0.190 -0.960 0.265 -0.973 0.292 -0.979 -5.000 -40.000 0.000 Forward 11.91 19.22 93.9 0.028
630 1/3 0.189 -0.970 0.180 -0.981 0.239 -0.974 0.317 -0.988 -5.000 -57.000 0.000 Forward 16.86 24.79 98.0 0.018
800 1/3 0.181 -0.989 0.280 -0.987 0.332 -0.987 0.396 -0.995 -5.000 -60.000 0.000 Forward 12.12 19.32 94.2 0.018
1000 1/3 0.248 -0.993 0.311 -0.992 0.343 -0.993 0.315 -0.996 -5.000 -32.000 0.000 Forward 12.60 17.92 94.8 0.020
1250 1/3 0.317 -0.982 0.349 -0.989 0.372 -0.996 0.387 -0.999 -5.000 -53.000 0.000 Forward 9.39 16.79 89.7 0.021
1600 1/3 0.248 -0.974 0.293 -0.994 0.294 -0.997 0.302 -0.998 -5.000 -41.000 0.000 Forward 12.28 19.11 94.4 0.017
2000 1/3 0.279 -0.954 0.276 -0.990 0.298 -0.995 0.300 -0.996 -5.000 -36.000 0.000 Forward 13.45 20.95 95.7 0.015
2500 1/3 0.394 -0.918 0.232 -0.975 0.291 -0.984 0.419 -0.989 -5.000 -60.000 0.000 Forward 14.98 21.51 96.9 0.016
3150 1/3 0.346 -0.937 0.236 -0.984 0.280 -0.990 0.340 -0.994 -5.000 -58.000 0.000 Forward 14.86 20.18 96.8 0.016
4000 1/3 0.305 -0.947 0.269 -0.995 0.278 -0.998 0.283 -0.998 -5.000 -38.000 0.000 Forward 14.08 20.63 96.2 0.012
5000 1/3 0.337 -0.927 0.317 -0.998 0.300 -0.999 0.299 -0.999 -5.000 -39.000 0.000 Forward 13.65 19.72 95.9 0.009
6300 1/3 0.384 -0.921 0.290 -0.995 0.296 -0.998 0.296 -0.999 -5.000 -44.000 0.000 Forward 14.50 20.46 96.6 0.010
8000 1/3 0.180 -0.832 0.305 -0.992 0.292 -0.997 0.294 -0.998 -5.000 -42.000 0.000 Forward 15.84 22.81 97.5 0.006
10000 1/3 0.119 -0.557 0.291 -0.985 0.255 -0.994 0.261 -0.996 -7.000 -39.000 0.000 Forward 17.95 26.40 98.4 0.004

full 1/3 0.343 -0.961 0.264 -0.996 0.283 -0.998 0.283 -0.998 -5.000 -35.000 0.000 Forward 15.34 22.26 97.2 0.008

