RT60 data saved by REW V5.31.1
Source: Scarlett 2i4 USB, MICROPHONE, R, volume: no control
Dated: May 7, 2024 4:17:01 PM
Measurement: front-l12-r12-p2-r
Sweep level: -18.0 dBFS
Response measured over: 10.1 to 20,000.0 Hz
Peak value: 0.005227375 at index 44100
Response length: 131072 samples
Sample interval: 2.2675736961451248E-5 seconds
Start time: -0.9999999738064707 seconds

Format is freq (Hz), BW (octaves), EDT (s), r, T20 (s), r, T30 (s), r, Topt (s), r, ToptStart (dB), ToptEnd (dB), T60M (s), reverse/forward/zero phase filtered, C50 (dB), C80 (dB), D50 (%), TS (s)

50 1/3 0.954 -0.941 0.692 -0.992 0.647 -0.996 0.605 -0.998 -5.000 -55.000 0.000 Forward 0.27 6.39 51.5 0.121
63 1/3 0.986 -0.927 0.599 -0.999 0.595 -1.000 0.595 -1.000 -5.000 -35.000 0.000 Forward -2.39 3.81 36.6 0.112
80 1/3 0.685 -0.947 0.393 -0.965 0.541 -0.970 0.579 -0.985 -5.000 -56.000 0.000 Forward 4.31 6.11 73.0 0.083
100 1/3 0.721 -0.913 0.488 -0.992 0.529 -0.996 0.533 -0.997 -5.000 -55.000 0.000 Forward -1.25 7.34 42.9 0.092
125 1/3 0.457 -0.940 0.282 -0.983 0.395 -0.959 0.272 -0.992 -5.000 -30.000 0.000 Forward 9.44 14.57 89.8 0.048
160 1/3 0.346 -0.982 0.244 -0.988 0.380 -0.973 0.244 -0.988 -5.000 -25.000 0.000 Forward 10.50 18.91 91.8 0.034
200 1/3 0.541 -0.969 0.316 -0.948 0.317 -0.975 0.345 -0.992 -5.000 -58.000 0.000 Forward 5.24 18.77 77.0 0.038
250 1/3 0.380 -0.910 0.329 -0.988 0.417 -0.980 0.288 -0.994 -5.000 -23.000 0.000 Forward 9.64 16.26 90.2 0.041
315 1/3 0.220 -0.952 0.278 -0.996 0.253 -0.992 0.270 -0.997 -5.000 -29.000 0.000 Forward 14.14 20.40 96.3 0.027
400 1/3 0.191 -0.954 0.250 -0.983 0.265 -0.992 0.255 -0.997 -5.000 -59.000 0.000 Forward 13.66 22.23 95.9 0.022
500 1/3 0.213 -0.993 0.243 -0.988 0.232 -0.987 0.262 -0.992 -5.000 -50.000 0.000 Forward 13.78 22.12 96.0 0.020
630 1/3 0.353 -0.922 0.287 -0.989 0.287 -0.992 0.269 -0.995 -5.000 -49.000 0.000 Forward 11.98 20.12 94.0 0.019
800 1/3 0.129 -0.853 0.333 -0.987 0.282 -0.992 0.292 -0.996 -8.000 -44.000 0.000 Forward 13.76 20.02 96.0 0.016
1000 1/3 0.258 -0.978 0.244 -0.993 0.255 -0.996 0.260 -0.997 -5.000 -40.000 0.000 Forward 11.49 20.16 93.4 0.021
1250 1/3 0.123 -0.968 0.275 -0.994 0.288 -0.997 0.324 -0.998 -10.000 -49.000 0.000 Forward 14.75 21.48 96.8 0.015
1600 1/3 0.209 -0.983 0.306 -0.996 0.275 -0.995 0.301 -0.997 -5.000 -28.000 0.000 Forward 12.47 17.46 94.6 0.019
2000 1/3 0.249 -0.975 0.305 -0.996 0.322 -0.998 0.322 -0.998 -5.000 -35.000 0.000 Forward 12.11 18.26 94.2 0.018
2500 1/3 0.286 -0.967 0.320 -0.996 0.387 -0.991 0.308 -0.996 -5.000 -23.000 0.000 Forward 12.13 17.93 94.2 0.017
3150 1/3 0.291 -0.973 0.331 -0.998 0.341 -0.999 0.348 -0.999 -5.000 -48.000 0.000 Forward 11.13 17.52 92.8 0.015
4000 1/3 0.279 -0.973 0.329 -0.998 0.346 -0.998 0.348 -0.999 -5.000 -48.000 0.000 Forward 10.88 17.35 92.4 0.015
5000 1/3 0.249 -0.953 0.285 -0.994 0.316 -0.996 0.325 -0.998 -5.000 -42.000 0.000 Forward 12.16 18.77 94.3 0.017
6300 1/3 0.309 -0.960 0.334 -0.997 0.324 -0.999 0.329 -0.999 -5.000 -38.000 0.000 Forward 11.72 17.45 93.7 0.012
8000 1/3 0.243 -0.937 0.358 -0.999 0.352 -0.999 0.354 -1.000 -5.000 -38.000 0.000 Forward 13.42 18.52 95.6 0.009
10000 1/3 0.325 -0.935 0.285 -0.995 0.319 -0.996 0.331 -0.997 -5.000 -41.000 0.000 Forward 13.53 20.02 95.8 0.011

full 1/3 0.279 -0.983 0.365 -0.995 0.429 -0.993 0.327 -0.999 -5.000 -21.000 0.000 Forward 11.58 17.45 93.5 0.014

