RT60 data saved by REW V5.31.1
Source: Scarlett 2i4 USB, MICROPHONE, R, volume: no control
Dated: May 7, 2024 3:44:36 PM
Measurement: front-l12-r1-p1-l
Sweep level: -18.0 dBFS
Response measured over: 10.1 to 20,000.0 Hz
Peak value: 0.0071378336 at index 44100
Response length: 131072 samples
Sample interval: 2.2675736961451248E-5 seconds
Start time: -0.9999999760272503 seconds

Format is freq (Hz), BW (octaves), EDT (s), r, T20 (s), r, T30 (s), r, Topt (s), r, ToptStart (dB), ToptEnd (dB), T60M (s), reverse/forward/zero phase filtered, C50 (dB), C80 (dB), D50 (%), TS (s)

50 1/3 1.013 -0.954 0.730 -0.991 0.709 -0.997 0.707 -0.999 -5.000 -45.000 0.000 Forward 0.37 6.11 52.2 0.123
63 1/3 1.002 -0.885 0.630 -0.990 0.654 -0.996 0.675 -0.998 -5.000 -53.000 0.000 Forward -3.28 4.95 32.0 0.106
80 1/3 0.987 -0.946 0.233 -0.995 0.404 -0.953 0.216 -0.998 -5.000 -23.000 0.000 Forward 1.24 4.80 57.1 0.088
100 1/3 0.667 -0.942 0.424 -0.990 0.495 -0.991 0.486 -0.997 -5.000 -57.000 0.000 Forward 4.77 12.30 75.0 0.071
125 1/3 0.462 -0.922 0.240 -0.989 0.318 -0.978 0.216 -0.992 -5.000 -23.000 0.000 Forward 10.29 19.59 91.5 0.049
160 1/3 0.260 -0.970 0.381 -0.994 0.483 -0.987 0.381 -0.994 -5.000 -25.000 0.000 Forward 11.44 17.78 93.3 0.029
200 1/3 0.424 -0.989 0.354 -0.977 0.365 -0.990 0.377 -0.996 -5.000 -48.000 0.000 Forward 8.22 10.47 86.9 0.034
250 1/3 0.238 -0.986 0.392 -0.979 0.376 -0.992 0.353 -0.997 -5.000 -60.000 0.000 Forward 11.35 13.88 93.2 0.027
315 1/3 0.245 -0.969 0.265 -0.993 0.266 -0.997 0.271 -0.999 -5.000 -55.000 0.000 Forward 12.63 19.22 94.8 0.027
400 1/3 0.215 -0.963 0.325 -0.971 0.273 -0.982 0.311 -0.995 -5.000 -60.000 0.000 Forward 16.04 19.58 97.6 0.022
500 1/3 0.232 -0.935 0.374 -0.987 0.349 -0.985 0.337 -0.994 -5.000 -24.000 0.000 Forward 12.60 18.81 94.8 0.026
630 1/3 0.233 -0.961 0.294 -0.995 0.371 -0.988 0.298 -0.996 -5.000 -26.000 0.000 Forward 11.54 18.64 93.4 0.022
800 1/3 0.139 -0.978 0.328 -0.993 0.326 -0.997 0.330 -0.999 -10.000 -41.000 0.000 Forward 15.22 20.26 97.1 0.015
1000 1/3 0.186 -0.979 0.285 -0.980 0.321 -0.991 0.359 -0.997 -5.000 -60.000 0.000 Forward 14.66 20.85 96.7 0.018
1250 1/3 0.220 -0.950 0.261 -0.992 0.317 -0.989 0.265 -0.994 -5.000 -27.000 0.000 Forward 13.95 21.16 96.1 0.016
1600 1/3 0.227 -0.942 0.337 -0.996 0.335 -0.998 0.347 -0.998 -5.000 -42.000 0.000 Forward 13.54 18.78 95.8 0.013
2000 1/3 0.271 -0.960 0.342 -0.994 0.356 -0.997 0.363 -0.998 -5.000 -41.000 0.000 Forward 11.70 16.32 93.7 0.015
2500 1/3 0.308 -0.962 0.344 -0.997 0.376 -0.995 0.383 -0.998 -5.000 -44.000 0.000 Forward 11.04 15.98 92.7 0.018
3150 1/3 0.272 -0.980 0.327 -0.998 0.360 -0.997 0.373 -0.999 -5.000 -50.000 0.000 Forward 11.67 17.67 93.6 0.014
4000 1/3 0.369 -0.958 0.323 -0.997 0.353 -0.997 0.367 -0.998 -5.000 -46.000 0.000 Forward 12.29 17.98 94.4 0.013
5000 1/3 0.379 -0.944 0.323 -0.997 0.349 -0.997 0.346 -0.997 -5.000 -34.000 0.000 Forward 12.34 18.58 94.5 0.012
6300 1/3 0.396 -0.949 0.349 -0.997 0.350 -0.999 0.364 -0.999 -5.000 -52.000 0.000 Forward 12.11 17.42 94.2 0.011
8000 1/3 0.338 -0.902 0.373 -0.997 0.374 -0.999 0.376 -0.999 -5.000 -47.000 0.000 Forward 13.95 17.99 96.1 0.008
10000 1/3 0.369 -0.892 0.324 -0.997 0.340 -0.998 0.327 -0.998 -5.000 -30.000 0.000 Forward 14.51 20.26 96.6 0.007

full 1/3 0.288 -0.983 0.335 -0.999 0.362 -0.998 0.330 -0.999 -5.000 -24.000 0.000 Forward 12.92 18.29 95.1 0.011

