RT60 data saved by REW V5.31.1
Source: Scarlett 2i4 USB, MICROPHONE, R, volume: no control
Dated: May 7, 2024 1:59:01 PM
Measurement: front-empty-p3-r
Sweep level: -18.0 dBFS
Response measured over: 10.1 to 20,000.0 Hz
Peak value: 0.008957362 at index 44099
Response length: 131072 samples
Sample interval: 2.2675736961451248E-5 seconds
Start time: -0.999977301400762 seconds

Format is freq (Hz), BW (octaves), EDT (s), r, T20 (s), r, T30 (s), r, Topt (s), r, ToptStart (dB), ToptEnd (dB), T60M (s), reverse/forward/zero phase filtered, C50 (dB), C80 (dB), D50 (%), TS (s)

50 1/3 1.144 -0.953 0.707 -0.994 0.687 -0.998 0.680 -0.999 -5.000 -53.000 0.000 Forward -1.47 4.53 41.6 0.134
63 1/3 0.973 -0.963 0.646 -1.000 0.657 -1.000 0.657 -1.000 -5.000 -35.000 0.000 Forward 1.19 4.83 56.8 0.108
80 1/3 0.781 -0.961 0.481 -0.991 0.508 -0.994 0.500 -0.997 -5.000 -42.000 0.000 Forward 2.62 7.53 64.6 0.077
100 1/3 0.498 -0.955 0.523 -0.988 0.560 -0.993 0.604 -0.997 -5.000 -55.000 0.000 Forward 7.68 9.88 85.4 0.061
125 1/3 0.368 -0.928 0.190 -0.961 0.307 -0.936 0.283 -0.985 -5.000 -54.000 0.000 Forward 18.26 22.65 98.5 0.036
160 1/3 0.250 -0.968 0.347 -0.984 0.322 -0.984 0.410 -0.990 -5.000 -20.000 0.000 Forward 11.29 16.36 93.1 0.031
200 1/3 0.528 -0.971 0.289 -0.955 0.419 -0.953 0.368 -0.989 -5.000 -60.000 0.000 Forward 6.56 8.76 81.9 0.047
250 1/3 0.329 -0.985 0.251 -0.994 0.296 -0.979 0.236 -0.995 -5.000 -31.000 0.000 Forward 12.36 18.23 94.5 0.031
315 1/3 0.236 -0.983 0.386 -0.982 0.403 -0.994 0.433 -0.997 -5.000 -58.000 0.000 Forward 12.83 14.73 95.0 0.025
400 1/3 0.332 -0.955 0.368 -0.992 0.402 -0.995 0.410 -0.995 -5.000 -38.000 0.000 Forward 9.94 14.08 90.8 0.028
500 1/3 0.300 -0.976 0.356 -0.973 0.402 -0.985 0.459 -0.989 -5.000 -46.000 0.000 Forward 10.14 18.11 91.2 0.024
630 1/3 0.313 -0.990 0.432 -0.997 0.457 -0.997 0.434 -0.998 -5.000 -31.000 0.000 Forward 10.10 13.29 91.1 0.024
800 1/3 0.288 -0.991 0.436 -0.989 0.488 -0.993 0.537 -0.997 -5.000 -51.000 0.000 Forward 10.95 14.88 92.6 0.023
1000 1/3 0.251 -0.978 0.409 -0.994 0.443 -0.996 0.472 -0.997 -5.000 -47.000 0.000 Forward 9.93 14.15 90.8 0.027
1250 1/3 0.320 -0.975 0.432 -0.980 0.457 -0.993 0.486 -0.996 -5.000 -49.000 0.000 Forward 11.40 13.60 93.2 0.026
1600 1/3 0.416 -0.990 0.476 -0.996 0.434 -0.997 0.499 -0.998 -5.000 -59.000 0.000 Forward 7.38 12.79 84.5 0.026
2000 1/3 0.406 -0.906 0.383 -0.996 0.418 -0.997 0.442 -0.998 -5.000 -49.000 0.000 Forward 11.36 16.02 93.2 0.015
2500 1/3 0.391 -0.847 0.413 -0.995 0.446 -0.997 0.453 -0.998 -5.000 -42.000 0.000 Forward 12.65 16.26 94.8 0.013
3150 1/3 0.368 -0.968 0.418 -0.995 0.436 -0.998 0.463 -0.999 -5.000 -56.000 0.000 Forward 10.13 13.14 91.1 0.018
4000 1/3 0.505 -0.890 0.451 -0.996 0.440 -0.999 0.461 -0.999 -5.000 -54.000 0.000 Forward 11.39 14.36 93.2 0.014
5000 1/3 0.481 -0.978 0.436 -0.998 0.451 -0.999 0.457 -1.000 -5.000 -51.000 0.000 Forward 8.87 12.60 88.5 0.018
6300 1/3 0.297 -0.670 0.459 -0.998 0.453 -0.999 0.444 -1.000 -5.000 -60.000 0.000 Forward 13.53 17.64 95.8 0.007
8000 1/3 0.465 -0.865 0.382 -0.997 0.406 -0.998 0.416 -1.000 -5.000 -60.000 0.000 Forward 12.35 17.73 94.5 0.010
10000 1/3 0.442 -0.877 0.344 -0.996 0.354 -0.998 0.374 -0.999 -5.000 -60.000 0.000 Forward 13.06 17.66 95.3 0.010

full 1/3 0.393 -0.978 0.442 -0.998 0.486 -0.997 0.451 -0.998 -5.000 -29.000 0.000 Forward 11.17 15.16 92.9 0.014

