RT60 data saved by REW V5.31.1
Source: Scarlett 2i4 USB, MICROPHONE, R, volume: no control
Dated: May 7, 2024 2:47:09 PM
Measurement: front-frames-p1-r
Sweep level: -18.0 dBFS
Response measured over: 10.1 to 20,000.0 Hz
Peak value: 0.0074534747 at index 44100
Response length: 131072 samples
Sample interval: 2.2675736961451248E-5 seconds
Start time: -0.9999999912989482 seconds

Format is freq (Hz), BW (octaves), EDT (s), r, T20 (s), r, T30 (s), r, Topt (s), r, ToptStart (dB), ToptEnd (dB), T60M (s), reverse/forward/zero phase filtered, C50 (dB), C80 (dB), D50 (%), TS (s)

50 1/3 1.332 -0.960 0.718 -0.996 0.695 -0.998 0.687 -0.999 -5.000 -53.000 0.000 Forward -2.68 2.75 35.0 0.142
63 1/3 0.851 -0.965 0.655 -0.996 0.685 -0.998 0.714 -0.999 -5.000 -55.000 0.000 Forward 4.16 6.66 72.3 0.096
80 1/3 0.887 -0.974 0.427 -0.964 0.547 -0.977 0.462 -0.979 -5.000 -30.000 0.000 Forward 3.88 4.48 71.0 0.081
100 1/3 0.775 -0.986 0.380 -0.993 0.429 -0.991 0.389 -0.996 -5.000 -32.000 0.000 Forward 3.65 7.07 69.9 0.074
125 1/3 0.339 -0.965 0.377 -0.953 0.403 -0.982 0.422 -0.990 -5.000 -53.000 0.000 Forward 15.73 18.30 97.4 0.036
160 1/3 0.382 -0.975 0.248 -0.993 0.355 -0.971 0.237 -0.995 -5.000 -24.000 0.000 Forward 8.81 17.86 88.4 0.040
200 1/3 0.442 -0.933 0.440 -0.970 0.500 -0.988 0.462 -0.997 -5.000 -60.000 0.000 Forward 9.60 15.39 90.1 0.040
250 1/3 0.273 -0.981 0.442 -0.979 0.410 -0.992 0.405 -0.998 -5.000 -59.000 0.000 Forward 13.18 14.32 95.4 0.028
315 1/3 0.168 -0.942 0.431 -0.933 0.346 -0.978 0.424 -0.991 -5.000 -55.000 0.000 Forward 11.21 13.14 93.0 0.024
400 1/3 0.186 -0.956 0.409 -0.963 0.367 -0.990 0.373 -0.992 -5.000 -36.000 0.000 Forward 12.10 15.57 94.2 0.023
500 1/3 0.405 -0.979 0.357 -0.983 0.413 -0.990 0.416 -0.990 -5.000 -36.000 0.000 Forward 7.17 11.22 83.9 0.040
630 1/3 0.494 -0.971 0.446 -0.992 0.538 -0.990 0.482 -0.995 -5.000 -31.000 0.000 Forward 3.35 9.41 68.4 0.050
800 1/3 0.465 -0.967 0.405 -0.991 0.433 -0.996 0.433 -0.996 -5.000 -35.000 0.000 Forward 5.83 13.23 79.3 0.031
1000 1/3 0.270 -0.976 0.418 -0.995 0.439 -0.998 0.443 -0.998 -5.000 -37.000 0.000 Forward 11.49 15.42 93.4 0.021
1250 1/3 0.421 -0.992 0.412 -0.995 0.413 -0.998 0.425 -0.998 -5.000 -45.000 0.000 Forward 6.59 12.96 82.0 0.030
1600 1/3 0.416 -0.984 0.415 -0.992 0.428 -0.996 0.435 -0.998 -5.000 -45.000 0.000 Forward 7.58 13.90 85.1 0.023
2000 1/3 0.346 -0.985 0.441 -0.993 0.439 -0.998 0.461 -0.998 -5.000 -47.000 0.000 Forward 9.81 13.24 90.5 0.024
2500 1/3 0.441 -0.942 0.423 -0.993 0.439 -0.997 0.452 -0.998 -5.000 -42.000 0.000 Forward 11.05 14.51 92.7 0.017
3150 1/3 0.342 -0.965 0.420 -0.999 0.430 -0.999 0.430 -0.999 -5.000 -41.000 0.000 Forward 11.08 15.08 92.8 0.014
4000 1/3 0.375 -0.951 0.437 -0.996 0.434 -0.999 0.436 -0.999 -5.000 -41.000 0.000 Forward 11.17 14.37 92.9 0.014
5000 1/3 0.420 -0.961 0.399 -0.997 0.423 -0.998 0.445 -0.999 -5.000 -53.000 0.000 Forward 10.33 15.56 91.5 0.016
6300 1/3 0.379 -0.971 0.394 -0.999 0.411 -0.999 0.413 -1.000 -5.000 -45.000 0.000 Forward 10.86 15.55 92.4 0.014
8000 1/3 0.389 -0.959 0.380 -0.997 0.390 -0.999 0.419 -0.999 -5.000 -52.000 0.000 Forward 10.49 15.63 91.8 0.013
10000 1/3 0.359 -0.958 0.345 -0.996 0.358 -0.998 0.368 -0.999 -5.000 -44.000 0.000 Forward 11.14 17.44 92.9 0.012

full 1/3 0.380 -0.990 0.398 -1.000 0.420 -0.999 0.398 -1.000 -5.000 -25.000 0.000 Forward 10.40 15.01 91.6 0.015

