RT60 data saved by REW V5.31.1
Source: Scarlett 2i4 USB, MICROPHONE, R, volume: no control
Dated: May 7, 2024 2:46:48 PM
Measurement: front-frames-p1-l
Sweep level: -18.0 dBFS
Response measured over: 10.1 to 20,000.0 Hz
Peak value: 0.0071386583 at index 44100
Response length: 131072 samples
Sample interval: 2.2675736961451248E-5 seconds
Start time: -0.9999999927628805 seconds

Format is freq (Hz), BW (octaves), EDT (s), r, T20 (s), r, T30 (s), r, Topt (s), r, ToptStart (dB), ToptEnd (dB), T60M (s), reverse/forward/zero phase filtered, C50 (dB), C80 (dB), D50 (%), TS (s)

50 1/3 1.026 -0.954 0.743 -0.989 0.701 -0.996 0.684 -0.998 -5.000 -56.000 0.000 Forward 0.41 6.27 52.4 0.124
63 1/3 1.004 -0.894 0.680 -0.993 0.702 -0.997 0.718 -0.998 -5.000 -51.000 0.000 Forward -4.41 4.30 26.6 0.111
80 1/3 0.978 -0.951 0.254 -0.993 0.492 -0.950 0.233 -0.998 -5.000 -23.000 0.000 Forward 1.34 4.97 57.7 0.087
100 1/3 0.682 -0.939 0.476 -0.989 0.502 -0.996 0.499 -0.999 -5.000 -54.000 0.000 Forward 4.25 11.84 72.7 0.072
125 1/3 0.452 -0.945 0.310 -0.995 0.434 -0.981 0.272 -0.997 -5.000 -20.000 0.000 Forward 9.16 16.89 89.2 0.049
160 1/3 0.384 -0.977 0.434 -0.993 0.460 -0.996 0.460 -0.996 -5.000 -35.000 0.000 Forward 9.06 14.90 88.9 0.034
200 1/3 0.399 -0.988 0.419 -0.966 0.448 -0.988 0.472 -0.997 -5.000 -60.000 0.000 Forward 8.35 10.91 87.3 0.039
250 1/3 0.365 -0.964 0.471 -0.996 0.455 -0.997 0.451 -0.998 -5.000 -44.000 0.000 Forward 9.20 14.06 89.3 0.027
315 1/3 0.314 -0.949 0.325 -0.984 0.400 -0.982 0.390 -0.994 -5.000 -60.000 0.000 Forward 11.22 18.35 93.0 0.026
400 1/3 0.276 -0.956 0.394 -0.996 0.388 -0.996 0.401 -0.997 -5.000 -23.000 0.000 Forward 10.96 14.97 92.6 0.025
500 1/3 0.438 -0.991 0.410 -0.978 0.453 -0.986 0.394 -0.990 -5.000 -31.000 0.000 Forward 5.88 12.70 79.5 0.038
630 1/3 0.395 -0.988 0.490 -0.981 0.505 -0.993 0.520 -0.994 -5.000 -37.000 0.000 Forward 6.04 13.29 80.1 0.037
800 1/3 0.211 -0.964 0.465 -0.997 0.440 -0.996 0.484 -0.997 -9.000 -27.000 0.000 Forward 11.15 15.70 92.9 0.021
1000 1/3 0.215 -0.979 0.333 -0.995 0.372 -0.993 0.331 -0.997 -5.000 -30.000 0.000 Forward 11.59 17.70 93.5 0.020
1250 1/3 0.383 -0.994 0.379 -0.994 0.427 -0.995 0.484 -0.997 -5.000 -55.000 0.000 Forward 8.82 14.98 88.4 0.023
1600 1/3 0.345 -0.934 0.416 -0.989 0.424 -0.996 0.451 -0.997 -5.000 -45.000 0.000 Forward 10.17 13.77 91.2 0.017
2000 1/3 0.381 -0.990 0.393 -0.997 0.440 -0.997 0.378 -0.998 -5.000 -23.000 0.000 Forward 7.92 13.19 86.1 0.025
2500 1/3 0.338 -0.974 0.430 -0.999 0.446 -0.999 0.458 -0.999 -5.000 -45.000 0.000 Forward 9.56 13.77 90.0 0.020
3150 1/3 0.325 -0.983 0.427 -0.998 0.438 -0.999 0.439 -0.999 -5.000 -42.000 0.000 Forward 9.92 14.49 90.8 0.018
4000 1/3 0.393 -0.964 0.415 -0.996 0.422 -0.998 0.439 -0.999 -5.000 -46.000 0.000 Forward 11.63 16.25 93.6 0.014
5000 1/3 0.448 -0.958 0.406 -0.998 0.432 -0.998 0.450 -0.999 -5.000 -52.000 0.000 Forward 10.32 14.84 91.5 0.014
6300 1/3 0.440 -0.964 0.400 -0.999 0.409 -0.999 0.415 -1.000 -5.000 -49.000 0.000 Forward 10.62 14.85 92.0 0.014
8000 1/3 0.400 -0.928 0.393 -0.999 0.398 -0.999 0.410 -1.000 -5.000 -53.000 0.000 Forward 12.11 16.38 94.2 0.011
10000 1/3 0.371 -0.919 0.340 -0.998 0.370 -0.998 0.377 -0.999 -5.000 -45.000 0.000 Forward 13.27 18.33 95.5 0.009

full 1/3 0.351 -0.985 0.399 -0.999 0.422 -0.999 0.396 -0.999 -5.000 -24.000 0.000 Forward 10.78 15.65 92.3 0.014

