RT60 data saved by REW V5.31.1
Source: Scarlett 2i4 USB, MICROPHONE, R, volume: no control
Dated: May 7, 2024 1:58:40 PM
Measurement: front-empty-p3-l
Sweep level: -18.0 dBFS
Response measured over: 10.1 to 20,000.0 Hz
Peak value: 0.005455998 at index 44100
Response length: 131072 samples
Sample interval: 2.2675736961451248E-5 seconds
Start time: -0.9999999963523258 seconds

Format is freq (Hz), BW (octaves), EDT (s), r, T20 (s), r, T30 (s), r, Topt (s), r, ToptStart (dB), ToptEnd (dB), T60M (s), reverse/forward/zero phase filtered, C50 (dB), C80 (dB), D50 (%), TS (s)

50 1/3 1.013 -0.950 0.710 -0.990 0.681 -0.997 0.689 -0.999 -5.000 -58.000 0.000 Forward -0.06 5.96 49.7 0.124
63 1/3 1.053 -0.977 0.655 -0.999 0.680 -0.999 0.683 -1.000 -5.000 -44.000 0.000 Forward -0.01 3.51 49.9 0.107
80 1/3 0.670 -0.871 0.316 -0.997 0.425 -0.984 0.316 -0.997 -5.000 -25.000 0.000 Forward 6.49 14.61 81.7 0.075
100 1/3 0.662 -0.974 0.698 -0.982 0.662 -0.994 0.705 -0.996 -5.000 -48.000 0.000 Forward 4.31 9.66 72.9 0.069
125 1/3 0.482 -0.904 0.185 -0.994 0.392 -0.939 0.185 -0.994 -5.000 -25.000 0.000 Forward 8.70 20.45 88.1 0.054
160 1/3 0.592 -0.954 0.333 -0.971 0.482 -0.969 0.505 -0.987 -5.000 -52.000 0.000 Forward 4.85 15.18 75.3 0.046
200 1/3 0.479 -0.934 0.371 -0.990 0.403 -0.992 0.307 -0.998 -5.000 -20.000 0.000 Forward 6.05 12.69 80.1 0.053
250 1/3 0.465 -0.992 0.258 -0.964 0.421 -0.953 0.465 -0.989 -5.000 -59.000 0.000 Forward 6.62 18.29 82.1 0.039
315 1/3 0.291 -0.970 0.297 -0.984 0.370 -0.983 0.376 -0.995 -5.000 -60.000 0.000 Forward 13.72 17.59 95.9 0.029
400 1/3 0.240 -0.982 0.409 -0.988 0.441 -0.996 0.496 -0.997 -5.000 -59.000 0.000 Forward 11.24 14.12 93.0 0.027
500 1/3 0.362 -0.976 0.411 -0.996 0.432 -0.997 0.414 -0.998 -5.000 -33.000 0.000 Forward 8.17 11.78 86.8 0.037
630 1/3 0.368 -0.988 0.409 -0.987 0.477 -0.990 0.503 -0.993 -5.000 -40.000 0.000 Forward 7.42 13.37 84.7 0.034
800 1/3 0.375 -0.969 0.455 -0.996 0.442 -0.998 0.447 -0.999 -5.000 -41.000 0.000 Forward 9.07 12.92 89.0 0.024
1000 1/3 0.387 -0.988 0.422 -0.996 0.410 -0.998 0.410 -0.998 -5.000 -35.000 0.000 Forward 8.56 11.72 87.8 0.029
1250 1/3 0.330 -0.992 0.430 -0.999 0.470 -0.997 0.426 -0.999 -5.000 -27.000 0.000 Forward 9.15 13.26 89.2 0.024
1600 1/3 0.392 -0.973 0.500 -0.996 0.457 -0.996 0.468 -0.999 -5.000 -51.000 0.000 Forward 7.94 12.60 86.2 0.026
2000 1/3 0.432 -0.992 0.396 -0.996 0.410 -0.998 0.405 -0.998 -5.000 -34.000 0.000 Forward 7.98 12.21 86.3 0.025
2500 1/3 0.392 -0.990 0.439 -0.998 0.427 -0.999 0.432 -0.999 -5.000 -39.000 0.000 Forward 9.01 13.35 88.8 0.021
3150 1/3 0.334 -0.983 0.441 -0.998 0.431 -0.999 0.437 -0.999 -5.000 -40.000 0.000 Forward 10.35 14.56 91.6 0.018
4000 1/3 0.403 -0.970 0.487 -0.994 0.464 -0.998 0.476 -0.999 -5.000 -57.000 0.000 Forward 10.02 13.49 90.9 0.019
5000 1/3 0.396 -0.976 0.443 -0.999 0.424 -0.999 0.430 -0.999 -5.000 -42.000 0.000 Forward 8.74 13.16 88.2 0.022
6300 1/3 0.417 -0.980 0.459 -0.997 0.448 -0.999 0.444 -1.000 -5.000 -60.000 0.000 Forward 8.74 12.46 88.2 0.020
8000 1/3 0.370 -0.963 0.401 -0.997 0.403 -0.999 0.407 -1.000 -5.000 -51.000 0.000 Forward 10.09 14.44 91.1 0.015
10000 1/3 0.380 -0.957 0.345 -0.997 0.354 -0.998 0.380 -0.999 -5.000 -55.000 0.000 Forward 11.96 16.78 94.0 0.013

full 1/3 0.387 -0.994 0.451 -0.998 0.478 -0.998 0.451 -0.999 -5.000 -29.000 0.000 Forward 8.90 13.59 88.6 0.020

