RT60 data saved by REW V5.31.1
Source: Scarlett 2i4 USB, MICROPHONE, R, volume: no control
Dated: May 7, 2024 3:09:00 PM
Measurement: front-l1-p1-l
Sweep level: -18.0 dBFS
Response measured over: 10.1 to 20,000.0 Hz
Peak value: 0.0072027375 at index 44100
Response length: 131072 samples
Sample interval: 2.2675736961451248E-5 seconds
Start time: -0.9999999968617242 seconds

Format is freq (Hz), BW (octaves), EDT (s), r, T20 (s), r, T30 (s), r, Topt (s), r, ToptStart (dB), ToptEnd (dB), T60M (s), reverse/forward/zero phase filtered, C50 (dB), C80 (dB), D50 (%), TS (s)

50 1/3 1.019 -0.953 0.739 -0.990 0.702 -0.996 0.701 -0.998 -5.000 -46.000 0.000 Forward 0.37 6.18 52.1 0.124
63 1/3 0.972 -0.892 0.664 -0.990 0.691 -0.996 0.699 -0.998 -5.000 -54.000 0.000 Forward -3.84 4.67 29.2 0.109
80 1/3 0.993 -0.946 0.258 -0.994 0.431 -0.957 0.233 -0.998 -5.000 -22.000 0.000 Forward 1.20 4.60 56.9 0.088
100 1/3 0.675 -0.943 0.471 -0.988 0.504 -0.995 0.489 -0.998 -5.000 -58.000 0.000 Forward 4.57 11.84 74.1 0.072
125 1/3 0.478 -0.924 0.222 -0.991 0.349 -0.963 0.218 -0.995 -5.000 -20.000 0.000 Forward 9.67 19.70 90.3 0.049
160 1/3 0.408 -0.972 0.367 -0.988 0.423 -0.992 0.437 -0.993 -5.000 -38.000 0.000 Forward 8.63 15.22 87.9 0.034
200 1/3 0.418 -0.991 0.410 -0.984 0.399 -0.993 0.398 -0.996 -5.000 -46.000 0.000 Forward 8.27 10.72 87.0 0.036
250 1/3 0.265 -0.990 0.459 -0.983 0.441 -0.992 0.417 -0.996 -5.000 -60.000 0.000 Forward 9.48 13.09 89.9 0.028
315 1/3 0.305 -0.967 0.303 -0.990 0.293 -0.995 0.294 -0.998 -5.000 -52.000 0.000 Forward 10.02 15.35 90.9 0.029
400 1/3 0.259 -0.964 0.336 -0.988 0.356 -0.993 0.361 -0.996 -5.000 -39.000 0.000 Forward 13.20 18.22 95.4 0.024
500 1/3 0.273 -0.972 0.405 -0.997 0.365 -0.994 0.404 -0.997 -5.000 -26.000 0.000 Forward 10.32 15.42 91.5 0.029
630 1/3 0.303 -0.978 0.372 -0.994 0.381 -0.996 0.380 -0.997 -5.000 -40.000 0.000 Forward 8.86 15.81 88.5 0.027
800 1/3 0.150 -0.978 0.350 -0.993 0.392 -0.993 0.407 -0.998 -9.000 -55.000 0.000 Forward 12.22 19.58 94.3 0.017
1000 1/3 0.173 -0.978 0.380 -0.994 0.361 -0.998 0.376 -0.999 -9.000 -47.000 0.000 Forward 12.77 17.77 95.0 0.018
1250 1/3 0.274 -0.955 0.345 -0.998 0.397 -0.995 0.438 -0.998 -5.000 -60.000 0.000 Forward 11.12 17.36 92.8 0.018
1600 1/3 0.266 -0.956 0.372 -0.996 0.403 -0.995 0.424 -0.998 -5.000 -58.000 0.000 Forward 12.25 16.09 94.4 0.016
2000 1/3 0.319 -0.975 0.371 -0.997 0.378 -0.998 0.383 -0.999 -5.000 -40.000 0.000 Forward 9.90 14.88 90.7 0.019
2500 1/3 0.302 -0.978 0.395 -0.998 0.392 -0.999 0.393 -0.999 -5.000 -36.000 0.000 Forward 10.50 14.56 91.8 0.020
3150 1/3 0.304 -0.982 0.380 -0.995 0.414 -0.997 0.421 -0.999 -5.000 -52.000 0.000 Forward 11.00 16.34 92.6 0.017
4000 1/3 0.390 -0.961 0.368 -0.996 0.405 -0.997 0.434 -0.999 -5.000 -55.000 0.000 Forward 12.06 16.99 94.1 0.014
5000 1/3 0.413 -0.955 0.379 -0.995 0.397 -0.998 0.397 -0.998 -5.000 -35.000 0.000 Forward 11.08 16.79 92.8 0.014
6300 1/3 0.440 -0.957 0.402 -0.998 0.395 -0.999 0.405 -0.999 -5.000 -49.000 0.000 Forward 10.55 15.51 91.9 0.013
8000 1/3 0.372 -0.879 0.404 -0.998 0.407 -0.999 0.406 -1.000 -5.000 -46.000 0.000 Forward 13.01 17.09 95.2 0.009
10000 1/3 0.445 -0.884 0.348 -0.998 0.366 -0.999 0.376 -0.999 -5.000 -43.000 0.000 Forward 13.21 18.83 95.4 0.009

full 1/3 0.328 -0.984 0.374 -0.999 0.395 -0.999 0.365 -0.999 -5.000 -22.000 0.000 Forward 11.66 16.76 93.6 0.013

