RT60 data saved by REW V5.31.1
Source: Scarlett 2i4 USB, MICROPHONE, R, volume: no control
Dated: May 7, 2024 1:59:21 PM
Measurement: front-empty-p3-c
Sweep level: -18.0 dBFS
Response measured over: 10.1 to 20,000.0 Hz
Peak value: 0.016622806 at index 44100
Response length: 131072 samples
Sample interval: 2.2675736961451248E-5 seconds
Start time: -1.000000019526492 seconds

Format is freq (Hz), BW (octaves), EDT (s), r, T20 (s), r, T30 (s), r, Topt (s), r, ToptStart (dB), ToptEnd (dB), T60M (s), reverse/forward/zero phase filtered, C50 (dB), C80 (dB), D50 (%), TS (s)

50 1/3 0.730 -0.948 0.677 -0.997 0.617 -0.997 0.624 -0.998 -5.000 -39.000 0.000 Forward 8.42 11.96 87.4 0.089
63 1/3 0.746 -0.862 0.445 -0.964 0.517 -0.979 0.445 -0.989 -5.000 -33.000 0.000 Forward 7.61 16.46 85.2 0.077
80 1/3 0.768 -0.948 0.497 -0.983 0.528 -0.993 0.550 -0.998 -5.000 -54.000 0.000 Forward 2.96 9.34 66.4 0.078
100 1/3 0.747 -0.944 0.498 -0.994 0.495 -0.998 0.518 -0.999 -5.000 -50.000 0.000 Forward -0.27 6.35 48.4 0.091
125 1/3 0.679 -0.972 0.507 -0.993 0.551 -0.996 0.544 -0.998 -5.000 -48.000 0.000 Forward 2.82 7.75 65.7 0.072
160 1/3 0.377 -0.936 0.428 -0.978 0.480 -0.992 0.560 -0.993 -5.000 -53.000 0.000 Forward 6.91 12.05 83.1 0.047
200 1/3 0.584 -0.969 0.244 -0.991 0.327 -0.984 0.242 -0.993 -5.000 -26.000 0.000 Forward 3.46 13.95 68.9 0.047
250 1/3 0.371 -0.949 0.402 -0.977 0.418 -0.992 0.418 -0.997 -5.000 -56.000 0.000 Forward 10.57 15.29 91.9 0.026
315 1/3 0.420 -0.954 0.368 -0.984 0.470 -0.986 0.526 -0.994 -5.000 -57.000 0.000 Forward 11.22 15.57 93.0 0.029
400 1/3 0.431 -0.954 0.365 -0.980 0.430 -0.986 0.387 -0.991 -5.000 -32.000 0.000 Forward 6.91 10.16 83.1 0.035
500 1/3 0.491 -0.955 0.354 -0.981 0.367 -0.993 0.378 -0.996 -5.000 -45.000 0.000 Forward 6.94 13.08 83.2 0.030
630 1/3 0.297 -0.986 0.378 -0.989 0.434 -0.991 0.458 -0.995 -5.000 -45.000 0.000 Forward 9.92 16.20 90.8 0.023
800 1/3 0.410 -0.976 0.416 -0.983 0.452 -0.993 0.523 -0.995 -5.000 -50.000 0.000 Forward 7.22 12.99 84.1 0.030
1000 1/3 0.427 -0.990 0.373 -0.994 0.461 -0.990 0.353 -0.995 -5.000 -23.000 0.000 Forward 6.39 11.35 81.3 0.030
1250 1/3 0.391 -0.995 0.417 -0.998 0.439 -0.998 0.415 -0.999 -5.000 -29.000 0.000 Forward 7.58 11.74 85.1 0.028
1600 1/3 0.284 -0.988 0.417 -0.995 0.429 -0.998 0.447 -0.999 -5.000 -52.000 0.000 Forward 10.77 13.34 92.3 0.020
2000 1/3 0.260 -0.954 0.404 -0.998 0.447 -0.997 0.488 -0.998 -5.000 -55.000 0.000 Forward 11.92 15.78 94.0 0.016
2500 1/3 0.309 -0.960 0.437 -0.997 0.425 -0.999 0.424 -0.999 -5.000 -41.000 0.000 Forward 10.97 16.10 92.6 0.015
3150 1/3 0.329 -0.972 0.342 -0.995 0.390 -0.995 0.417 -0.997 -5.000 -46.000 0.000 Forward 11.09 17.82 92.8 0.015
4000 1/3 0.349 -0.949 0.350 -0.988 0.383 -0.994 0.409 -0.997 -5.000 -48.000 0.000 Forward 12.38 19.32 94.5 0.012
5000 1/3 0.322 -0.967 0.334 -0.993 0.373 -0.995 0.397 -0.998 -5.000 -49.000 0.000 Forward 11.59 18.21 93.5 0.016
6300 1/3 0.329 -0.951 0.327 -0.997 0.359 -0.997 0.371 -0.999 -5.000 -48.000 0.000 Forward 12.03 17.57 94.1 0.013
8000 1/3 0.434 -0.903 0.318 -0.996 0.323 -0.999 0.333 -0.999 -5.000 -42.000 0.000 Forward 13.62 19.53 95.8 0.009
10000 1/3 0.415 -0.901 0.285 -0.992 0.298 -0.996 0.331 -0.998 -5.000 -59.000 0.000 Forward 14.34 21.19 96.5 0.009

full 1/3 0.364 -0.967 0.346 -0.998 0.380 -0.997 0.336 -0.998 -5.000 -23.000 0.000 Forward 12.35 17.99 94.5 0.011

