RT60 data saved by REW V5.31.1
Source: Scarlett 2i4 USB, MICROPHONE, R, volume: no control. Timing signal peak level -24.7 dBFS, measurement signal peak level -17.0 dBFS
Dated: Apr 15, 2024 9:29:24 AM
Measurement: empty-p2-l
Sweep level: -18.0 dBFS
Response measured over: 10.1 to 20,000.0 Hz
Peak value: 0.0051420834 at index 44100
Response length: 131072 samples
Sample interval: 2.2675736961451248E-5 seconds
Start time: -1.0000014319415782 seconds

Format is freq (Hz), BW (octaves), EDT (s), r, T20 (s), r, T30 (s), r, Topt (s), r, ToptStart (dB), ToptEnd (dB), T60M (s), reverse/forward/zero phase filtered, C50 (dB), C80 (dB), D50 (%), TS (s)

50 1/3 1.292 -0.959 0.994 -0.995 1.041 -0.997 1.041 -0.997 -5.000 -35.000 0.000 Forward -2.04 4.06 38.5 0.144
63 1/3 1.212 -0.973 0.958 -0.999 0.979 -0.999 0.979 -0.999 -5.000 -35.000 0.000 Forward -0.29 1.88 48.3 0.132
80 1/3 1.300 -0.774 0.709 -0.966 0.702 -0.993 0.711 -0.997 -5.000 -45.000 0.000 Forward -6.03 2.46 20.0 0.110
100 1/3 1.220 -0.981 0.878 -0.992 0.782 -0.991 0.779 -0.997 -5.000 -56.000 0.000 Forward -2.96 0.93 33.6 0.121
125 1/3 1.085 -0.954 0.362 -0.961 0.624 -0.957 0.696 -0.988 -5.000 -57.000 0.000 Forward 0.49 3.01 52.8 0.073
160 1/3 0.633 -0.989 0.689 -0.994 0.710 -0.997 0.730 -0.998 -5.000 -42.000 0.000 Forward 3.68 7.67 70.0 0.058
200 1/3 1.027 -0.962 0.860 -0.980 0.937 -0.992 0.989 -0.998 -5.000 -59.000 0.000 Forward -4.34 1.85 26.9 0.095
250 1/3 1.012 -0.993 1.234 -0.987 1.227 -0.994 1.192 -0.998 -5.000 -58.000 0.000 Forward 0.81 4.12 54.6 0.073
315 1/3 1.331 -0.994 1.122 -0.996 1.214 -0.997 1.289 -0.999 -5.000 -57.000 0.000 Forward -2.18 0.78 37.7 0.105
400 1/3 1.313 -0.987 1.241 -0.995 1.327 -0.997 1.312 -0.999 -5.000 -59.000 0.000 Forward -0.42 3.06 47.6 0.091
500 1/3 1.255 -0.980 1.207 -0.994 1.216 -0.997 1.221 -0.999 -5.000 -47.000 0.000 Forward 2.35 3.89 63.2 0.077
630 1/3 1.113 -0.995 1.300 -0.997 1.287 -0.999 1.339 -0.999 -5.000 -60.000 0.000 Forward -0.85 2.53 45.2 0.091
800 1/3 1.294 -0.995 1.374 -0.997 1.365 -0.999 1.367 -1.000 -5.000 -60.000 0.000 Forward 0.92 2.29 55.3 0.086
1000 1/3 1.364 -0.998 1.350 -0.999 1.337 -1.000 1.324 -1.000 -5.000 -44.000 0.000 Forward -1.08 0.78 43.8 0.101
1250 1/3 1.328 -0.995 1.408 -0.998 1.322 -0.998 1.333 -1.000 -5.000 -56.000 0.000 Forward -0.87 1.37 45.0 0.096
1600 1/3 1.396 -0.998 1.402 -0.999 1.375 -0.999 1.383 -1.000 -5.000 -54.000 0.000 Forward -2.15 0.45 37.9 0.101
2000 1/3 1.224 -0.997 1.420 -0.998 1.358 -0.999 1.386 -1.000 -5.000 -59.000 0.000 Forward -0.39 2.84 47.8 0.086
2500 1/3 1.238 -0.997 1.266 -0.999 1.317 -0.999 1.332 -1.000 -5.000 -60.000 0.000 Forward 0.99 3.61 55.7 0.073
3150 1/3 1.286 -0.997 1.320 -0.999 1.332 -1.000 1.311 -1.000 -5.000 -58.000 0.000 Forward 0.17 2.50 51.0 0.077
4000 1/3 1.295 -0.997 1.251 -1.000 1.256 -1.000 1.258 -1.000 -5.000 -58.000 0.000 Forward -0.55 1.72 46.8 0.085
5000 1/3 1.158 -0.997 1.165 -1.000 1.177 -1.000 1.195 -1.000 -5.000 -58.000 0.000 Forward 2.12 4.36 62.0 0.058
6300 1/3 1.015 -0.997 1.072 -1.000 1.082 -1.000 1.078 -1.000 -5.000 -57.000 0.000 Forward 1.48 3.86 58.4 0.061
8000 1/3 0.889 -0.995 0.879 -0.999 0.888 -1.000 0.910 -1.000 -5.000 -58.000 0.000 Forward 4.01 6.22 71.6 0.040
10000 1/3 0.731 -0.989 0.710 -0.999 0.726 -1.000 0.737 -1.000 -5.000 -47.000 0.000 Forward 5.70 8.31 78.8 0.031

full 1/3 1.154 -1.000 1.276 -1.000 1.291 -1.000 1.295 -1.000 -5.000 -44.000 0.000 Forward 1.36 3.70 57.8 0.067

