RT60 data saved by REW V5.31.1
Source: Scarlett 2i4 USB, MICROPHONE, R, volume: no control. Timing signal peak level -25.1 dBFS, measurement signal peak level -15.0 dBFS
Dated: Apr 15, 2024 9:30:26 AM
Measurement: empty-p2-c
Sweep level: -18.0 dBFS
Response measured over: 10.1 to 20,000.0 Hz
Peak value: 0.010098535 at index 44100
Response length: 131072 samples
Sample interval: 2.2675736961451248E-5 seconds
Start time: -0.9995901916998947 seconds

Format is freq (Hz), BW (octaves), EDT (s), r, T20 (s), r, T30 (s), r, Topt (s), r, ToptStart (dB), ToptEnd (dB), T60M (s), reverse/forward/zero phase filtered, C50 (dB), C80 (dB), D50 (%), TS (s)

50 1/3 0.758 -0.979 1.013 -0.986 0.847 -0.992 1.113 -0.996 -5.000 -20.000 0.000 Forward 6.09 8.96 80.3 0.084
63 1/3 1.036 -0.948 0.549 -0.990 0.810 -0.978 0.492 -0.996 -5.000 -23.000 0.000 Forward -2.50 3.11 36.0 0.115
80 1/3 0.866 -0.916 0.501 -0.952 0.495 -0.986 0.532 -0.991 -5.000 -42.000 0.000 Forward -0.86 6.83 45.1 0.097
100 1/3 1.305 -0.939 0.686 -0.988 0.577 -0.991 0.745 -0.994 -5.000 -20.000 0.000 Forward -4.44 -3.26 26.4 0.132
125 1/3 0.987 -0.975 0.713 -0.984 0.688 -0.990 0.634 -0.995 -5.000 -60.000 0.000 Forward 1.26 5.71 57.2 0.090
160 1/3 0.751 -0.939 0.627 -0.982 0.668 -0.991 0.705 -0.997 -5.000 -57.000 0.000 Forward 0.55 5.88 53.2 0.070
200 1/3 1.355 -0.990 0.759 -0.995 0.971 -0.988 1.012 -0.997 -5.000 -60.000 0.000 Forward -2.29 1.03 37.1 0.098
250 1/3 1.327 -0.974 1.136 -0.990 1.226 -0.994 1.209 -0.998 -5.000 -58.000 0.000 Forward -2.06 4.26 38.4 0.091
315 1/3 1.818 -0.982 1.343 -0.993 1.318 -0.998 1.335 -0.999 -5.000 -56.000 0.000 Forward -1.84 0.78 39.6 0.115
400 1/3 1.689 -0.988 1.173 -0.993 1.210 -0.996 1.232 -0.999 -5.000 -60.000 0.000 Forward -3.13 0.82 32.7 0.111
500 1/3 1.350 -0.994 1.216 -0.996 1.224 -0.998 1.257 -1.000 -5.000 -60.000 0.000 Forward -1.43 0.09 41.8 0.104
630 1/3 1.198 -0.993 1.244 -0.996 1.359 -0.997 1.361 -0.999 -5.000 -54.000 0.000 Forward -1.04 0.61 44.1 0.097
800 1/3 0.965 -0.988 1.451 -0.997 1.383 -0.998 1.422 -0.999 -5.000 -60.000 0.000 Forward -0.23 4.21 48.7 0.082
1000 1/3 1.233 -0.995 1.439 -0.998 1.383 -0.999 1.370 -1.000 -5.000 -59.000 0.000 Forward -3.05 1.39 33.1 0.106
1250 1/3 1.248 -0.999 1.340 -0.999 1.347 -0.999 1.353 -1.000 -5.000 -60.000 0.000 Forward -2.06 0.94 38.4 0.097
1600 1/3 1.404 -0.994 1.391 -0.998 1.435 -0.999 1.436 -1.000 -5.000 -60.000 0.000 Forward 0.56 2.88 53.2 0.088
2000 1/3 1.243 -0.998 1.349 -0.999 1.338 -1.000 1.391 -1.000 -5.000 -60.000 0.000 Forward -0.38 1.60 47.8 0.090
2500 1/3 1.154 -0.993 1.320 -0.998 1.330 -0.999 1.338 -1.000 -5.000 -60.000 0.000 Forward -1.43 0.56 41.9 0.091
3150 1/3 1.230 -0.998 1.295 -0.999 1.292 -1.000 1.312 -1.000 -5.000 -60.000 0.000 Forward 0.43 2.48 52.5 0.075
4000 1/3 1.264 -0.997 1.290 -0.999 1.263 -1.000 1.272 -1.000 -5.000 -59.000 0.000 Forward 0.14 2.60 50.8 0.085
5000 1/3 1.167 -0.998 1.162 -0.999 1.182 -1.000 1.186 -1.000 -5.000 -60.000 0.000 Forward 0.64 3.23 53.7 0.071
6300 1/3 1.031 -0.998 1.077 -0.999 1.060 -1.000 1.061 -1.000 -5.000 -46.000 0.000 Forward 1.46 4.28 58.3 0.063
8000 1/3 0.881 -0.998 0.921 -1.000 0.913 -1.000 0.922 -1.000 -5.000 -59.000 0.000 Forward 3.65 6.15 69.9 0.046
10000 1/3 0.655 -0.997 0.747 -0.999 0.740 -1.000 0.743 -1.000 -5.000 -51.000 0.000 Forward 5.19 8.43 76.8 0.034

full 1/3 1.089 -0.999 1.229 -1.000 1.251 -1.000 1.251 -1.000 -5.000 -35.000 0.000 Forward 1.54 3.99 58.8 0.065

