RT60 data saved by REW V5.31.1
Source: Scarlett 2i4 USB, MICROPHONE, R, volume: no control. Timing signal peak level -25.8 dBFS, measurement signal peak level -17.6 dBFS
Dated: Apr 15, 2024 9:08:09 AM
Measurement: empty-p1-r
Sweep level: -18.0 dBFS
Response measured over: 10.1 to 20,000.0 Hz
Peak value: 0.00455005 at index 44100
Response length: 131072 samples
Sample interval: 2.2675736961451248E-5 seconds
Start time: -0.9999932589755706 seconds

Format is freq (Hz), BW (octaves), EDT (s), r, T20 (s), r, T30 (s), r, Topt (s), r, ToptStart (dB), ToptEnd (dB), T60M (s), reverse/forward/zero phase filtered, C50 (dB), C80 (dB), D50 (%), TS (s)

50 1/3 1.556 -0.950 0.984 -0.994 1.017 -0.997 1.078 -0.998 -5.000 -53.000 0.000 Forward -5.44 1.04 22.2 0.163
63 1/3 1.077 -0.956 0.853 -0.995 0.956 -0.995 0.878 -0.996 -5.000 -29.000 0.000 Forward 0.24 3.90 51.4 0.118
80 1/3 0.993 -0.921 0.798 -0.946 0.872 -0.985 0.918 -0.996 -5.000 -56.000 0.000 Forward -0.03 7.06 49.9 0.088
100 1/3 0.885 -0.962 1.061 -0.996 0.966 -0.997 0.953 -0.999 -5.000 -57.000 0.000 Forward -0.10 4.20 49.4 0.102
125 1/3 0.621 -0.982 0.620 -0.994 0.629 -0.997 0.613 -0.997 -5.000 -33.000 0.000 Forward 5.41 10.37 77.7 0.050
160 1/3 0.427 -0.972 0.803 -0.965 0.639 -0.982 0.622 -0.995 -5.000 -57.000 0.000 Forward 9.32 12.93 89.5 0.045
200 1/3 0.755 -0.985 1.008 -0.981 0.808 -0.985 0.854 -0.993 -5.000 -48.000 0.000 Forward 1.79 5.03 60.2 0.074
250 1/3 1.300 -0.979 1.017 -0.964 1.059 -0.988 1.153 -0.997 -5.000 -59.000 0.000 Forward 1.14 2.80 56.5 0.086
315 1/3 1.171 -0.991 1.304 -0.996 1.303 -0.999 1.388 -0.999 -5.000 -58.000 0.000 Forward 1.51 3.25 58.6 0.078
400 1/3 1.515 -0.995 1.121 -0.992 1.160 -0.997 1.309 -0.998 -5.000 -60.000 0.000 Forward -0.43 1.45 47.5 0.099
500 1/3 0.988 -0.992 1.204 -0.995 1.201 -0.998 1.205 -0.999 -5.000 -47.000 0.000 Forward -0.70 1.78 46.0 0.090
630 1/3 1.266 -0.997 1.510 -0.996 1.362 -0.996 1.344 -0.999 -5.000 -60.000 0.000 Forward -2.34 0.82 36.8 0.107
800 1/3 1.361 -0.995 1.484 -0.998 1.448 -0.998 1.421 -0.999 -5.000 -60.000 0.000 Forward -1.98 1.95 38.8 0.104
1000 1/3 1.212 -0.997 1.415 -0.999 1.345 -0.999 1.349 -0.999 -5.000 -47.000 0.000 Forward -0.72 2.26 45.9 0.093
1250 1/3 1.440 -0.996 1.293 -0.998 1.310 -0.999 1.320 -1.000 -5.000 -45.000 0.000 Forward -1.33 0.57 42.4 0.104
1600 1/3 1.437 -0.998 1.384 -0.999 1.368 -0.999 1.395 -1.000 -5.000 -57.000 0.000 Forward -1.45 0.56 41.7 0.106
2000 1/3 1.382 -0.999 1.342 -0.997 1.372 -0.999 1.355 -1.000 -5.000 -60.000 0.000 Forward -2.40 0.79 36.5 0.104
2500 1/3 1.378 -0.997 1.301 -1.000 1.307 -1.000 1.310 -1.000 -5.000 -60.000 0.000 Forward -0.96 2.23 44.5 0.087
3150 1/3 1.300 -0.998 1.292 -0.999 1.305 -1.000 1.305 -1.000 -5.000 -55.000 0.000 Forward 0.24 1.99 51.4 0.083
4000 1/3 1.335 -0.998 1.288 -1.000 1.265 -1.000 1.246 -1.000 -5.000 -53.000 0.000 Forward 0.45 2.73 52.6 0.081
5000 1/3 1.304 -0.999 1.170 -1.000 1.175 -1.000 1.200 -1.000 -5.000 -60.000 0.000 Forward 0.63 2.81 53.6 0.075
6300 1/3 1.136 -0.999 1.033 -0.999 1.052 -1.000 1.089 -1.000 -5.000 -60.000 0.000 Forward 1.11 4.09 56.4 0.063
8000 1/3 0.894 -0.996 0.864 -0.999 0.886 -1.000 0.905 -1.000 -5.000 -56.000 0.000 Forward 3.14 5.61 67.3 0.046
10000 1/3 0.761 -0.996 0.696 -1.000 0.726 -0.999 0.743 -1.000 -5.000 -54.000 0.000 Forward 3.85 7.10 70.8 0.038

full 1/3 1.201 -0.999 1.283 -1.000 1.297 -1.000 1.307 -1.000 -5.000 -47.000 0.000 Forward 0.81 3.29 54.6 0.073

