RT60 data saved by REW V5.31.1
Source: Scarlett 2i4 USB, MICROPHONE, R, volume: no control. Timing signal peak level -25.1 dBFS, measurement signal peak level -14.1 dBFS
Dated: Apr 15, 2024 9:09:37 AM
Measurement: empty-p1-rr
Sweep level: -18.0 dBFS
Response measured over: 10.1 to 20,000.0 Hz
Peak value: 0.0040521924 at index 44100
Response length: 131072 samples
Sample interval: 2.2675736961451248E-5 seconds
Start time: -1.0041101805916557 seconds

Format is freq (Hz), BW (octaves), EDT (s), r, T20 (s), r, T30 (s), r, Topt (s), r, ToptStart (dB), ToptEnd (dB), T60M (s), reverse/forward/zero phase filtered, C50 (dB), C80 (dB), D50 (%), TS (s)

50 1/3 1.091 -0.982 0.999 -0.995 1.030 -0.997 1.025 -0.997 -5.000 -36.000 0.000 Forward 4.62 5.32 74.4 0.091
63 1/3 0.928 -0.950 0.814 -0.992 0.828 -0.995 0.831 -0.997 -5.000 -46.000 0.000 Forward 6.53 8.12 81.8 0.065
80 1/3 0.680 -0.976 0.497 -0.975 0.514 -0.991 0.526 -0.996 -5.000 -46.000 0.000 Forward 6.82 8.83 82.8 0.072
100 1/3 0.906 -0.977 0.654 -0.981 0.683 -0.992 0.728 -0.997 -5.000 -60.000 0.000 Forward 3.74 6.53 70.3 0.075
125 1/3 0.593 -0.981 0.700 -0.995 0.656 -0.997 0.653 -0.998 -5.000 -40.000 0.000 Forward 6.39 10.23 81.3 0.049
160 1/3 0.492 -0.966 0.642 -0.974 0.646 -0.988 0.649 -0.997 -5.000 -60.000 0.000 Forward 7.82 9.78 85.8 0.040
200 1/3 0.729 -0.953 0.828 -0.974 0.764 -0.993 0.807 -0.996 -5.000 -45.000 0.000 Forward 1.77 6.54 60.1 0.061
250 1/3 1.082 -0.990 0.858 -0.991 0.905 -0.996 0.885 -0.997 -5.000 -34.000 0.000 Forward 1.17 3.27 56.7 0.081
315 1/3 1.091 -0.987 1.195 -0.994 1.268 -0.996 1.302 -0.999 -5.000 -60.000 0.000 Forward 2.25 4.84 62.7 0.068
400 1/3 1.267 -0.996 1.226 -0.998 1.203 -0.999 1.267 -0.999 -5.000 -56.000 0.000 Forward -0.90 1.59 44.8 0.092
500 1/3 1.181 -0.987 1.254 -0.996 1.217 -0.998 1.217 -0.999 -5.000 -45.000 0.000 Forward -0.39 3.41 47.8 0.083
630 1/3 1.238 -0.985 1.416 -0.997 1.377 -0.999 1.363 -0.999 -5.000 -40.000 0.000 Forward -2.38 0.20 36.6 0.102
800 1/3 1.386 -0.998 1.275 -0.996 1.336 -0.998 1.352 -0.999 -5.000 -54.000 0.000 Forward -1.99 1.05 38.8 0.102
1000 1/3 1.314 -0.998 1.462 -0.998 1.376 -0.998 1.348 -0.999 -5.000 -60.000 0.000 Forward -2.07 1.45 38.3 0.100
1250 1/3 1.477 -0.999 1.312 -0.999 1.322 -1.000 1.338 -1.000 -5.000 -53.000 0.000 Forward -1.91 0.88 39.2 0.100
1600 1/3 1.350 -0.997 1.463 -0.999 1.465 -1.000 1.410 -1.000 -5.000 -60.000 0.000 Forward -0.82 1.99 45.3 0.096
2000 1/3 1.483 -0.998 1.447 -0.999 1.403 -0.999 1.393 -1.000 -5.000 -59.000 0.000 Forward -1.15 0.95 43.4 0.095
2500 1/3 1.399 -0.996 1.347 -0.999 1.296 -0.999 1.330 -1.000 -5.000 -60.000 0.000 Forward -0.04 1.64 49.8 0.082
3150 1/3 1.318 -0.998 1.283 -1.000 1.284 -1.000 1.301 -1.000 -5.000 -60.000 0.000 Forward -2.21 1.41 37.5 0.098
4000 1/3 1.350 -0.999 1.239 -0.999 1.251 -1.000 1.250 -1.000 -5.000 -55.000 0.000 Forward -1.45 1.63 41.7 0.092
5000 1/3 1.212 -0.999 1.213 -1.000 1.209 -1.000 1.194 -1.000 -5.000 -60.000 0.000 Forward -1.45 2.48 41.7 0.087
6300 1/3 1.087 -0.997 1.073 -0.999 1.076 -1.000 1.077 -1.000 -5.000 -56.000 0.000 Forward 0.39 3.16 52.2 0.069
8000 1/3 0.956 -0.997 0.884 -1.000 0.910 -1.000 0.912 -1.000 -5.000 -53.000 0.000 Forward 1.77 4.18 60.1 0.060
10000 1/3 0.634 -0.994 0.705 -1.000 0.737 -0.999 0.754 -1.000 -5.000 -57.000 0.000 Forward 3.75 7.19 70.4 0.045

full 1/3 1.101 -1.000 1.210 -1.000 1.244 -1.000 1.182 -1.000 -5.000 -20.000 0.000 Forward 0.58 3.46 53.4 0.071

