RT60 data saved by REW V5.31.1
Source: Scarlett 2i4 USB, MICROPHONE, R, volume: no control. Timing signal peak level -25.8 dBFS, measurement signal peak level -15.6 dBFS
Dated: Apr 15, 2024 9:36:01 AM
Measurement: empty-p3-rr
Sweep level: -18.0 dBFS
Response measured over: 10.1 to 20,000.0 Hz
Peak value: 0.005955818 at index 44100
Response length: 131072 samples
Sample interval: 2.2675736961451248E-5 seconds
Start time: -1.006578217075177 seconds

Format is freq (Hz), BW (octaves), EDT (s), r, T20 (s), r, T30 (s), r, Topt (s), r, ToptStart (dB), ToptEnd (dB), T60M (s), reverse/forward/zero phase filtered, C50 (dB), C80 (dB), D50 (%), TS (s)

50 1/3 1.391 -0.970 0.978 -0.994 1.025 -0.997 1.021 -0.997 -5.000 -38.000 0.000 Forward -0.94 0.06 44.6 0.136
63 1/3 1.047 -0.989 0.949 -0.997 0.978 -0.999 0.974 -0.999 -5.000 -44.000 0.000 Forward 3.51 6.36 69.2 0.083
80 1/3 0.482 -0.910 0.885 -0.887 0.714 -0.945 0.624 -0.991 -5.000 -58.000 0.000 Forward 14.23 16.02 96.4 0.052
100 1/3 0.456 -0.976 0.628 -0.994 0.606 -0.993 0.609 -0.995 -5.000 -40.000 0.000 Forward 8.92 11.58 88.6 0.046
125 1/3 0.374 -0.970 1.055 -0.940 0.862 -0.976 0.790 -0.993 -10.000 -53.000 0.000 Forward 8.53 13.98 87.7 0.041
160 1/3 0.472 -0.978 0.687 -0.995 0.672 -0.998 0.678 -0.999 -5.000 -57.000 0.000 Forward 7.90 11.76 86.0 0.041
200 1/3 0.560 -0.986 0.884 -0.996 0.861 -0.998 0.859 -0.999 -5.000 -46.000 0.000 Forward 5.50 7.99 78.0 0.054
250 1/3 1.334 -0.978 1.061 -0.983 1.207 -0.989 1.314 -0.996 -5.000 -57.000 0.000 Forward 2.24 4.36 62.6 0.081
315 1/3 1.020 -0.968 1.076 -0.993 1.212 -0.995 1.333 -0.997 -5.000 -54.000 0.000 Forward 3.64 5.11 69.8 0.066
400 1/3 1.337 -0.988 1.283 -0.995 1.301 -0.998 1.279 -0.999 -5.000 -54.000 0.000 Forward 0.68 3.27 53.9 0.081
500 1/3 1.516 -0.991 1.175 -0.998 1.247 -0.997 1.243 -0.999 -5.000 -60.000 0.000 Forward 1.53 2.90 58.7 0.083
630 1/3 1.538 -0.986 1.369 -0.997 1.342 -0.998 1.336 -1.000 -5.000 -60.000 0.000 Forward -0.69 3.07 46.0 0.098
800 1/3 1.251 -0.997 1.467 -0.999 1.377 -0.999 1.344 -1.000 -5.000 -60.000 0.000 Forward -0.77 0.99 45.6 0.095
1000 1/3 1.254 -0.996 1.406 -0.998 1.360 -0.999 1.346 -1.000 -5.000 -60.000 0.000 Forward -1.80 0.93 39.8 0.099
1250 1/3 1.482 -0.996 1.260 -0.999 1.265 -1.000 1.298 -1.000 -5.000 -56.000 0.000 Forward -0.89 0.52 44.9 0.101
1600 1/3 1.337 -0.997 1.423 -0.999 1.381 -0.998 1.364 -1.000 -5.000 -56.000 0.000 Forward -0.52 1.00 47.0 0.093
2000 1/3 1.388 -0.995 1.329 -0.999 1.334 -1.000 1.326 -1.000 -5.000 -52.000 0.000 Forward 1.10 2.68 56.3 0.072
2500 1/3 1.220 -0.994 1.312 -0.999 1.307 -1.000 1.280 -1.000 -5.000 -55.000 0.000 Forward 2.68 4.96 65.0 0.056
3150 1/3 1.268 -0.999 1.307 -0.999 1.275 -0.999 1.280 -1.000 -5.000 -60.000 0.000 Forward -0.68 1.72 46.1 0.085
4000 1/3 1.265 -0.995 1.226 -1.000 1.240 -1.000 1.249 -1.000 -5.000 -60.000 0.000 Forward -1.79 1.01 39.9 0.090
5000 1/3 1.195 -0.996 1.165 -0.999 1.184 -1.000 1.188 -1.000 -5.000 -60.000 0.000 Forward 1.77 4.05 60.0 0.060
6300 1/3 1.035 -0.997 1.068 -1.000 1.076 -1.000 1.063 -1.000 -5.000 -57.000 0.000 Forward 2.25 4.85 62.7 0.056
8000 1/3 0.878 -0.997 0.880 -1.000 0.904 -1.000 0.929 -1.000 -5.000 -60.000 0.000 Forward 3.91 6.82 71.1 0.039
10000 1/3 0.690 -0.998 0.722 -1.000 0.748 -1.000 0.769 -1.000 -5.000 -60.000 0.000 Forward 4.53 7.81 74.0 0.037

full 1/3 1.097 -0.999 1.193 -1.000 1.231 -1.000 1.177 -1.000 -5.000 -22.000 0.000 Forward 2.24 4.54 62.6 0.059

