RT60 data saved by REW V5.31.1
Source: Scarlett 2i4 USB, MICROPHONE, R, volume: no control. Timing signal peak level -26.8 dBFS, measurement signal peak level -16.1 dBFS
Dated: Apr 15, 2024 9:34:04 AM
Measurement: empty-p3-l
Sweep level: -18.0 dBFS
Response measured over: 10.1 to 20,000.0 Hz
Peak value: 0.0034925677 at index 44098
Response length: 131072 samples
Sample interval: 2.2675736961451248E-5 seconds
Start time: -1.0000046594971934 seconds

Format is freq (Hz), BW (octaves), EDT (s), r, T20 (s), r, T30 (s), r, Topt (s), r, ToptStart (dB), ToptEnd (dB), T60M (s), reverse/forward/zero phase filtered, C50 (dB), C80 (dB), D50 (%), TS (s)

50 1/3 1.215 -0.964 0.970 -0.994 1.021 -0.997 1.087 -0.998 -5.000 -52.000 0.000 Forward -0.63 5.01 46.4 0.134
63 1/3 1.306 -0.979 0.976 -0.999 0.972 -1.000 0.973 -1.000 -5.000 -37.000 0.000 Forward -2.89 2.12 33.9 0.137
80 1/3 0.660 -0.877 0.800 -0.976 0.606 -0.977 0.665 -0.993 -5.000 -57.000 0.000 Forward 6.78 13.06 82.7 0.077
100 1/3 1.307 -0.995 0.894 -0.988 0.799 -0.992 0.790 -0.994 -5.000 -40.000 0.000 Forward -0.20 3.09 48.9 0.111
125 1/3 0.670 -0.978 0.820 -0.907 0.623 -0.965 0.647 -0.989 -5.000 -58.000 0.000 Forward 5.45 7.88 77.8 0.067
160 1/3 0.617 -0.987 0.778 -0.995 0.782 -0.998 0.797 -0.998 -5.000 -41.000 0.000 Forward 4.70 8.01 74.7 0.058
200 1/3 0.797 -0.983 0.841 -0.993 0.884 -0.997 0.941 -0.999 -5.000 -60.000 0.000 Forward 1.08 5.62 56.2 0.071
250 1/3 1.039 -0.994 1.306 -0.986 1.224 -0.986 1.187 -0.997 -5.000 -59.000 0.000 Forward 0.26 2.99 51.5 0.083
315 1/3 1.364 -0.974 1.047 -0.992 1.092 -0.997 1.130 -0.998 -5.000 -44.000 0.000 Forward 1.66 3.05 59.4 0.081
400 1/3 1.034 -0.995 1.232 -0.995 1.309 -0.998 1.384 -0.999 -5.000 -60.000 0.000 Forward 1.05 3.79 56.0 0.085
500 1/3 1.183 -0.980 1.198 -0.998 1.195 -0.999 1.238 -0.999 -5.000 -60.000 0.000 Forward 1.97 3.48 61.2 0.084
630 1/3 1.229 -0.993 1.383 -0.997 1.391 -0.998 1.433 -0.999 -5.000 -60.000 0.000 Forward -1.31 1.35 42.5 0.096
800 1/3 1.451 -0.998 1.466 -0.997 1.469 -0.999 1.384 -0.999 -5.000 -60.000 0.000 Forward -0.79 0.96 45.5 0.103
1000 1/3 1.379 -0.993 1.345 -0.998 1.339 -0.999 1.327 -1.000 -5.000 -60.000 0.000 Forward -1.69 2.50 40.4 0.093
1250 1/3 1.337 -0.981 1.293 -0.996 1.328 -0.999 1.309 -1.000 -5.000 -60.000 0.000 Forward -1.25 3.32 42.8 0.083
1600 1/3 1.368 -0.998 1.332 -0.999 1.362 -0.999 1.384 -1.000 -5.000 -56.000 0.000 Forward -1.46 0.52 41.7 0.102
2000 1/3 1.218 -0.996 1.366 -0.998 1.363 -0.999 1.368 -1.000 -5.000 -60.000 0.000 Forward -2.65 0.56 35.2 0.102
2500 1/3 1.271 -0.998 1.245 -0.999 1.286 -0.999 1.290 -1.000 -5.000 -59.000 0.000 Forward -0.39 2.30 47.7 0.085
3150 1/3 1.183 -0.998 1.252 -0.999 1.256 -1.000 1.282 -1.000 -5.000 -58.000 0.000 Forward 0.58 3.03 53.4 0.079
4000 1/3 1.131 -0.998 1.269 -0.999 1.266 -1.000 1.256 -1.000 -5.000 -60.000 0.000 Forward 0.38 2.55 52.2 0.077
5000 1/3 1.216 -0.999 1.150 -1.000 1.168 -1.000 1.174 -1.000 -5.000 -54.000 0.000 Forward 0.30 2.05 51.7 0.081
6300 1/3 1.018 -0.999 1.027 -0.999 1.046 -1.000 1.072 -1.000 -5.000 -56.000 0.000 Forward 1.75 4.01 59.9 0.064
8000 1/3 0.842 -0.997 0.860 -1.000 0.877 -1.000 0.892 -1.000 -5.000 -48.000 0.000 Forward 3.24 5.81 67.8 0.048
10000 1/3 0.688 -0.998 0.735 -0.999 0.733 -1.000 0.738 -1.000 -5.000 -49.000 0.000 Forward 4.60 7.49 74.2 0.038

full 1/3 1.141 -0.999 1.238 -1.000 1.279 -1.000 1.300 -1.000 -5.000 -48.000 0.000 Forward 0.71 3.27 54.1 0.073

