RT60 data saved by REW V5.31.1
Source: Scarlett 2i4 USB, MICROPHONE, R, volume: no control. Timing signal peak level -25.0 dBFS, measurement signal peak level -17.5 dBFS
Dated: Apr 15, 2024 9:07:39 AM
Measurement: empty-p1-l
Sweep level: -18.0 dBFS
Response measured over: 10.1 to 20,000.0 Hz
Peak value: 0.00442099 at index 44100
Response length: 131072 samples
Sample interval: 2.2675736961451248E-5 seconds
Start time: -1.0000010510367274 seconds

Format is freq (Hz), BW (octaves), EDT (s), r, T20 (s), r, T30 (s), r, Topt (s), r, ToptStart (dB), ToptEnd (dB), T60M (s), reverse/forward/zero phase filtered, C50 (dB), C80 (dB), D50 (%), TS (s)

50 1/3 1.129 -0.968 0.957 -0.993 0.999 -0.997 1.050 -0.998 -5.000 -54.000 0.000 Forward 1.28 6.24 57.3 0.124
63 1/3 1.028 -0.973 0.854 -0.995 1.142 -0.981 0.877 -0.996 -5.000 -28.000 0.000 Forward -1.39 4.65 42.1 0.113
80 1/3 0.940 -0.937 0.682 -0.965 0.673 -0.987 0.723 -0.995 -5.000 -56.000 0.000 Forward 1.24 6.48 57.1 0.087
100 1/3 0.833 -0.950 1.038 -0.986 0.973 -0.994 0.936 -0.998 -5.000 -58.000 0.000 Forward 0.55 5.28 53.2 0.097
125 1/3 0.928 -0.961 0.667 -0.965 0.614 -0.983 0.660 -0.993 -5.000 -55.000 0.000 Forward 4.09 4.97 71.9 0.064
160 1/3 0.612 -0.984 0.760 -0.979 0.695 -0.988 0.700 -0.996 -5.000 -53.000 0.000 Forward 5.00 8.56 76.0 0.051
200 1/3 1.138 -0.990 0.831 -0.992 0.800 -0.997 0.852 -0.998 -5.000 -51.000 0.000 Forward 1.69 2.54 59.6 0.080
250 1/3 1.532 -0.971 1.026 -0.997 1.061 -0.998 1.017 -0.998 -5.000 -30.000 0.000 Forward 1.60 2.93 59.1 0.082
315 1/3 0.955 -0.987 1.189 -0.996 1.254 -0.998 1.316 -0.999 -5.000 -60.000 0.000 Forward 0.95 5.08 55.5 0.067
400 1/3 1.287 -0.993 1.270 -0.998 1.184 -0.997 1.265 -0.998 -5.000 -26.000 0.000 Forward -0.66 3.36 46.2 0.086
500 1/3 0.868 -0.990 1.212 -0.992 1.248 -0.997 1.274 -0.999 -5.000 -54.000 0.000 Forward 1.52 4.20 58.7 0.075
630 1/3 1.156 -0.988 1.405 -0.995 1.365 -0.998 1.413 -0.999 -5.000 -60.000 0.000 Forward 1.85 3.22 60.5 0.081
800 1/3 1.406 -0.996 1.383 -0.999 1.355 -0.999 1.413 -0.999 -5.000 -60.000 0.000 Forward -3.32 -0.23 31.8 0.116
1000 1/3 1.299 -0.998 1.261 -0.997 1.348 -0.998 1.407 -0.999 -5.000 -60.000 0.000 Forward -1.27 1.54 42.7 0.092
1250 1/3 1.327 -0.994 1.354 -0.998 1.384 -0.999 1.375 -1.000 -5.000 -60.000 0.000 Forward -0.72 2.41 45.8 0.092
1600 1/3 1.477 -0.995 1.501 -0.998 1.475 -0.999 1.459 -1.000 -5.000 -52.000 0.000 Forward -1.05 1.67 44.0 0.097
2000 1/3 1.276 -0.998 1.398 -0.999 1.384 -1.000 1.361 -1.000 -5.000 -60.000 0.000 Forward -1.96 1.46 38.9 0.097
2500 1/3 1.174 -0.998 1.367 -0.999 1.299 -0.999 1.336 -1.000 -5.000 -60.000 0.000 Forward -0.09 2.80 49.5 0.083
3150 1/3 1.374 -0.998 1.326 -0.999 1.306 -1.000 1.306 -1.000 -5.000 -53.000 0.000 Forward 0.19 1.73 51.1 0.084
4000 1/3 1.371 -0.999 1.290 -0.999 1.289 -1.000 1.298 -1.000 -5.000 -60.000 0.000 Forward 0.40 2.42 52.3 0.077
5000 1/3 1.249 -0.998 1.182 -0.999 1.178 -1.000 1.208 -1.000 -5.000 -57.000 0.000 Forward 0.24 2.40 51.4 0.079
6300 1/3 1.163 -0.999 1.067 -1.000 1.082 -1.000 1.076 -1.000 -5.000 -45.000 0.000 Forward 1.35 3.67 57.7 0.065
8000 1/3 0.846 -0.997 0.876 -0.999 0.883 -1.000 0.883 -1.000 -5.000 -35.000 0.000 Forward 2.52 5.56 64.1 0.049
10000 1/3 0.793 -0.996 0.712 -0.999 0.733 -0.999 0.740 -1.000 -5.000 -51.000 0.000 Forward 3.59 6.87 69.5 0.040

full 1/3 1.190 -0.999 1.286 -1.000 1.303 -1.000 1.303 -1.000 -5.000 -35.000 0.000 Forward 0.65 3.25 53.8 0.073

