RT60 data saved by REW V5.31.1
Source: Scarlett 2i4 USB, MICROPHONE, R, volume: no control. Timing signal peak level -24.8 dBFS, measurement signal peak level -15.5 dBFS
Dated: Apr 15, 2024 9:30:53 AM
Measurement: empty-p2-rl
Sweep level: -18.0 dBFS
Response measured over: 10.1 to 20,000.0 Hz
Peak value: 0.005728598 at index 44100
Response length: 131072 samples
Sample interval: 2.2675736961451248E-5 seconds
Start time: -1.0043076260643775 seconds

Format is freq (Hz), BW (octaves), EDT (s), r, T20 (s), r, T30 (s), r, Topt (s), r, ToptStart (dB), ToptEnd (dB), T60M (s), reverse/forward/zero phase filtered, C50 (dB), C80 (dB), D50 (%), TS (s)

50 1/3 1.268 -0.982 1.054 -0.995 1.133 -0.997 1.128 -0.997 -5.000 -38.000 0.000 Forward 0.93 2.03 55.3 0.119
63 1/3 1.054 -0.989 0.906 -0.990 1.020 -0.994 1.066 -0.995 -5.000 -45.000 0.000 Forward 2.50 6.31 64.0 0.085
80 1/3 0.481 -0.907 0.627 -0.934 0.533 -0.978 0.669 -0.985 -5.000 -57.000 0.000 Forward 13.42 14.19 95.6 0.052
100 1/3 0.817 -0.969 0.593 -0.983 0.565 -0.991 0.554 -0.997 -5.000 -58.000 0.000 Forward 5.37 6.19 77.5 0.059
125 1/3 0.282 -0.968 0.670 -0.954 0.627 -0.986 0.655 -0.996 -5.000 -60.000 0.000 Forward 9.47 10.81 89.9 0.039
160 1/3 0.521 -0.991 0.563 -0.953 0.629 -0.985 0.685 -0.996 -5.000 -60.000 0.000 Forward 6.48 14.56 81.6 0.044
200 1/3 0.451 -0.971 1.206 -0.968 0.994 -0.985 1.010 -0.997 -10.000 -57.000 0.000 Forward 6.32 12.35 81.1 0.048
250 1/3 0.621 -0.985 1.173 -0.996 1.206 -0.996 1.164 -0.998 -5.000 -60.000 0.000 Forward 3.93 8.64 71.2 0.054
315 1/3 1.616 -0.947 1.122 -0.993 1.156 -0.996 1.238 -0.998 -5.000 -60.000 0.000 Forward 3.06 3.47 66.9 0.078
400 1/3 1.620 -0.959 1.140 -0.990 1.126 -0.995 1.123 -0.997 -5.000 -39.000 0.000 Forward 2.49 3.73 64.0 0.078
500 1/3 0.976 -0.990 1.265 -0.996 1.200 -0.998 1.205 -0.999 -5.000 -44.000 0.000 Forward -0.19 2.94 48.9 0.079
630 1/3 1.527 -0.997 1.353 -0.996 1.285 -0.998 1.325 -0.999 -5.000 -51.000 0.000 Forward -2.30 0.69 37.0 0.107
800 1/3 1.063 -0.998 1.374 -0.998 1.399 -0.999 1.381 -0.999 -5.000 -44.000 0.000 Forward 0.40 2.87 52.3 0.081
1000 1/3 1.266 -0.998 1.373 -0.999 1.379 -0.999 1.366 -1.000 -5.000 -60.000 0.000 Forward -0.21 1.60 48.8 0.090
1250 1/3 1.384 -0.995 1.367 -0.997 1.377 -0.999 1.340 -1.000 -5.000 -60.000 0.000 Forward -2.20 1.02 37.6 0.099
1600 1/3 1.453 -0.996 1.441 -0.999 1.415 -0.999 1.401 -1.000 -5.000 -58.000 0.000 Forward 0.24 2.43 51.4 0.088
2000 1/3 1.342 -0.994 1.380 -0.998 1.363 -0.999 1.377 -1.000 -5.000 -60.000 0.000 Forward 2.12 4.04 62.0 0.063
2500 1/3 1.491 -0.992 1.368 -0.999 1.301 -0.999 1.288 -1.000 -5.000 -60.000 0.000 Forward 3.04 4.63 66.8 0.057
3150 1/3 1.249 -0.998 1.219 -1.000 1.254 -1.000 1.288 -1.000 -5.000 -60.000 0.000 Forward -0.89 2.21 44.9 0.085
4000 1/3 1.214 -0.998 1.213 -1.000 1.231 -1.000 1.240 -1.000 -5.000 -42.000 0.000 Forward -0.91 2.26 44.8 0.080
5000 1/3 1.172 -0.994 1.202 -0.999 1.197 -0.999 1.197 -1.000 -5.000 -60.000 0.000 Forward 1.64 4.05 59.3 0.060
6300 1/3 1.034 -0.997 1.045 -1.000 1.063 -1.000 1.069 -1.000 -5.000 -53.000 0.000 Forward 1.09 3.70 56.3 0.064
8000 1/3 0.961 -0.996 0.877 -1.000 0.888 -1.000 0.881 -1.000 -5.000 -32.000 0.000 Forward 2.34 4.91 63.2 0.051
10000 1/3 0.790 -0.997 0.736 -1.000 0.728 -1.000 0.734 -1.000 -5.000 -44.000 0.000 Forward 3.45 6.50 68.9 0.041

full 1/3 1.109 -0.999 1.189 -1.000 1.222 -1.000 1.168 -1.000 -5.000 -20.000 0.000 Forward 1.79 4.34 60.2 0.060

