RT60 data saved by REW V5.31.1
Source: Scarlett 2i4 USB, MICROPHONE, R, volume: no control. Timing signal peak level -25.9 dBFS, measurement signal peak level -14.0 dBFS
Dated: Apr 15, 2024 9:08:36 AM
Measurement: empty-p1-c
Sweep level: -18.0 dBFS
Response measured over: 10.1 to 20,000.0 Hz
Peak value: 0.01223702 at index 44100
Response length: 131072 samples
Sample interval: 2.2675736961451248E-5 seconds
Start time: -1.0007758873827686 seconds

Format is freq (Hz), BW (octaves), EDT (s), r, T20 (s), r, T30 (s), r, Topt (s), r, ToptStart (dB), ToptEnd (dB), T60M (s), reverse/forward/zero phase filtered, C50 (dB), C80 (dB), D50 (%), TS (s)

50 1/3 0.691 -0.911 0.513 -0.984 0.536 -0.994 0.536 -0.994 -5.000 -35.000 0.000 Forward 12.13 18.77 94.2 0.076
63 1/3 0.930 -0.956 0.710 -1.000 0.853 -0.991 0.695 -1.000 -5.000 -21.000 0.000 Forward -0.42 4.99 47.6 0.108
80 1/3 0.813 -0.915 0.542 -0.952 0.561 -0.985 0.618 -0.991 -5.000 -56.000 0.000 Forward -0.63 7.69 46.4 0.098
100 1/3 0.981 -0.956 0.842 -0.984 0.668 -0.984 0.796 -0.992 -5.000 -60.000 0.000 Forward -0.52 2.84 47.0 0.105
125 1/3 0.826 -0.934 0.549 -0.974 0.652 -0.982 0.711 -0.995 -5.000 -60.000 0.000 Forward -1.26 4.98 42.8 0.089
160 1/3 0.561 -0.980 0.528 -0.994 0.643 -0.984 0.538 -0.997 -5.000 -30.000 0.000 Forward 5.28 9.20 77.1 0.054
200 1/3 0.786 -0.989 0.931 -0.998 0.869 -0.998 0.909 -0.999 -5.000 -60.000 0.000 Forward 4.39 6.12 73.3 0.056
250 1/3 1.271 -0.989 0.962 -0.995 0.927 -0.997 0.953 -0.998 -5.000 -45.000 0.000 Forward -1.58 0.31 41.0 0.096
315 1/3 1.355 -0.990 1.096 -0.998 1.276 -0.994 1.106 -0.998 -5.000 -26.000 0.000 Forward 0.81 3.00 54.7 0.083
400 1/3 1.590 -0.992 1.151 -0.990 1.167 -0.996 1.211 -0.998 -5.000 -45.000 0.000 Forward -2.77 -0.15 34.6 0.109
500 1/3 1.291 -0.995 1.359 -0.993 1.275 -0.997 1.331 -0.999 -5.000 -60.000 0.000 Forward -1.63 0.60 40.7 0.100
630 1/3 1.143 -0.981 1.350 -0.998 1.363 -0.999 1.347 -1.000 -5.000 -60.000 0.000 Forward 3.13 4.48 67.3 0.067
800 1/3 1.462 -0.985 1.222 -0.997 1.372 -0.996 1.407 -0.999 -5.000 -56.000 0.000 Forward -1.76 -0.21 40.0 0.111
1000 1/3 1.481 -0.998 1.381 -0.998 1.376 -0.999 1.364 -1.000 -5.000 -55.000 0.000 Forward -1.51 1.57 41.4 0.103
1250 1/3 1.285 -0.993 1.356 -0.996 1.327 -0.999 1.347 -1.000 -5.000 -60.000 0.000 Forward 1.19 3.29 56.8 0.075
1600 1/3 0.983 -0.996 1.465 -0.997 1.431 -0.999 1.417 -1.000 -5.000 -53.000 0.000 Forward 0.73 3.25 54.2 0.078
2000 1/3 1.207 -0.996 1.317 -0.999 1.346 -1.000 1.347 -1.000 -5.000 -43.000 0.000 Forward 0.54 3.54 53.1 0.078
2500 1/3 1.298 -0.998 1.283 -1.000 1.322 -1.000 1.304 -1.000 -5.000 -56.000 0.000 Forward -0.94 2.25 44.6 0.090
3150 1/3 1.211 -0.998 1.247 -0.999 1.280 -0.999 1.329 -1.000 -5.000 -60.000 0.000 Forward 0.76 2.99 54.4 0.076
4000 1/3 1.171 -0.999 1.261 -1.000 1.247 -1.000 1.260 -1.000 -5.000 -57.000 0.000 Forward -0.38 2.52 47.8 0.081
5000 1/3 1.210 -0.999 1.175 -0.999 1.162 -0.999 1.179 -1.000 -5.000 -60.000 0.000 Forward 0.84 2.91 54.8 0.072
6300 1/3 1.103 -0.999 1.069 -1.000 1.064 -1.000 1.062 -1.000 -5.000 -50.000 0.000 Forward 2.02 4.23 61.4 0.061
8000 1/3 0.929 -0.998 0.915 -1.000 0.915 -1.000 0.917 -1.000 -5.000 -55.000 0.000 Forward 3.08 5.46 67.0 0.049
10000 1/3 0.712 -0.990 0.720 -0.999 0.735 -1.000 0.734 -1.000 -5.000 -52.000 0.000 Forward 5.77 8.31 79.1 0.031

full 1/3 1.125 -0.999 1.214 -1.000 1.242 -1.000 1.187 -1.000 -5.000 -20.000 0.000 Forward 1.89 4.22 60.7 0.062

