RT60 data saved by REW V5.31.1
Source: Scarlett 2i4 USB, MICROPHONE, R, volume: no control. Timing signal peak level -26.9 dBFS, measurement signal peak level -17.4 dBFS
Dated: Apr 15, 2024 9:34:35 AM
Measurement: empty-p3-r
Sweep level: -18.0 dBFS
Response measured over: 10.1 to 20,000.0 Hz
Peak value: 0.0052821278 at index 44100
Response length: 131072 samples
Sample interval: 2.2675736961451248E-5 seconds
Start time: -1.001776732048447 seconds

Format is freq (Hz), BW (octaves), EDT (s), r, T20 (s), r, T30 (s), r, Topt (s), r, ToptStart (dB), ToptEnd (dB), T60M (s), reverse/forward/zero phase filtered, C50 (dB), C80 (dB), D50 (%), TS (s)

50 1/3 1.344 -0.961 1.000 -0.995 1.005 -0.998 1.020 -0.998 -5.000 -41.000 0.000 Forward -2.19 3.60 37.6 0.146
63 1/3 1.274 -0.980 0.982 -1.000 0.959 -1.000 0.955 -1.000 -5.000 -44.000 0.000 Forward -0.46 2.17 47.4 0.135
80 1/3 1.381 -0.777 0.762 -0.944 0.739 -0.983 0.777 -0.996 -5.000 -57.000 0.000 Forward -5.80 3.06 20.8 0.106
100 1/3 1.134 -0.983 0.936 -0.993 0.814 -0.990 0.758 -0.995 -5.000 -45.000 0.000 Forward -1.47 1.40 41.6 0.112
125 1/3 0.841 -0.927 0.648 -0.937 0.591 -0.984 0.635 -0.995 -5.000 -60.000 0.000 Forward 6.90 7.56 83.1 0.052
160 1/3 0.419 -0.966 0.685 -0.990 0.683 -0.997 0.704 -0.999 -5.000 -57.000 0.000 Forward 7.97 10.48 86.2 0.041
200 1/3 0.871 -0.980 0.878 -0.979 0.880 -0.990 0.934 -0.996 -5.000 -60.000 0.000 Forward 1.03 3.50 55.9 0.079
250 1/3 1.260 -0.912 1.319 -0.988 1.298 -0.994 1.149 -0.994 -5.000 -60.000 0.000 Forward 5.42 6.60 77.7 0.061
315 1/3 1.352 -0.983 1.220 -0.993 1.267 -0.997 1.300 -0.999 -5.000 -56.000 0.000 Forward 1.67 2.90 59.5 0.083
400 1/3 1.342 -0.980 1.169 -0.995 1.264 -0.996 1.363 -0.998 -5.000 -56.000 0.000 Forward 1.90 3.71 60.8 0.080
500 1/3 1.400 -0.948 1.282 -0.993 1.263 -0.997 1.251 -0.999 -5.000 -60.000 0.000 Forward 3.52 5.51 69.2 0.068
630 1/3 1.343 -0.995 1.387 -0.998 1.376 -0.999 1.404 -1.000 -5.000 -60.000 0.000 Forward -1.81 1.75 39.7 0.099
800 1/3 1.338 -0.993 1.454 -0.998 1.365 -0.998 1.320 -0.999 -5.000 -53.000 0.000 Forward -0.30 2.75 48.3 0.093
1000 1/3 1.188 -0.999 1.384 -0.996 1.356 -0.998 1.366 -1.000 -5.000 -60.000 0.000 Forward -0.48 1.70 47.2 0.092
1250 1/3 1.295 -0.997 1.423 -0.999 1.357 -0.998 1.327 -0.999 -5.000 -60.000 0.000 Forward -0.70 2.21 46.0 0.091
1600 1/3 1.423 -0.999 1.385 -0.999 1.395 -0.999 1.387 -1.000 -5.000 -60.000 0.000 Forward -2.13 0.72 38.0 0.107
2000 1/3 1.265 -0.997 1.350 -0.999 1.354 -1.000 1.341 -1.000 -5.000 -57.000 0.000 Forward 0.19 2.02 51.1 0.081
2500 1/3 1.296 -0.998 1.312 -0.999 1.318 -1.000 1.306 -1.000 -5.000 -60.000 0.000 Forward 1.27 3.37 57.2 0.071
3150 1/3 1.187 -0.997 1.209 -0.999 1.252 -0.999 1.270 -1.000 -5.000 -57.000 0.000 Forward -1.80 2.64 39.8 0.086
4000 1/3 1.303 -0.998 1.215 -1.000 1.215 -1.000 1.249 -1.000 -5.000 -60.000 0.000 Forward 1.15 3.44 56.6 0.073
5000 1/3 1.146 -0.997 1.202 -1.000 1.204 -1.000 1.194 -1.000 -5.000 -60.000 0.000 Forward 2.27 4.53 62.8 0.058
6300 1/3 1.064 -0.997 1.039 -0.999 1.063 -1.000 1.079 -1.000 -5.000 -58.000 0.000 Forward 2.17 5.06 62.2 0.056
8000 1/3 0.904 -0.995 0.908 -0.999 0.897 -1.000 0.896 -1.000 -5.000 -54.000 0.000 Forward 2.20 5.37 62.4 0.050
10000 1/3 0.722 -0.993 0.735 -1.000 0.733 -1.000 0.731 -1.000 -5.000 -39.000 0.000 Forward 5.30 8.46 77.2 0.031

full 1/3 1.151 -0.999 1.274 -1.000 1.291 -1.000 1.293 -1.000 -5.000 -48.000 0.000 Forward 1.58 4.09 59.0 0.065

