RT60 data saved by REW V5.31.1
Source: Scarlett 2i4 USB, MICROPHONE, R, volume: no control. Timing signal peak level -24.3 dBFS, measurement signal peak level -17.7 dBFS
Dated: Apr 15, 2024 9:29:53 AM
Measurement: empty-p2-r
Sweep level: -18.0 dBFS
Response measured over: 10.1 to 20,000.0 Hz
Peak value: 0.0031150132 at index 44100
Response length: 131072 samples
Sample interval: 2.2675736961451248E-5 seconds
Start time: -0.9977495185910988 seconds

Format is freq (Hz), BW (octaves), EDT (s), r, T20 (s), r, T30 (s), r, Topt (s), r, ToptStart (dB), ToptEnd (dB), T60M (s), reverse/forward/zero phase filtered, C50 (dB), C80 (dB), D50 (%), TS (s)

50 1/3 1.155 -0.965 0.983 -0.994 1.029 -0.997 1.046 -0.997 -5.000 -36.000 0.000 Forward 0.08 5.61 50.5 0.130
63 1/3 1.310 -0.969 0.965 -0.999 0.968 -1.000 0.967 -1.000 -5.000 -37.000 0.000 Forward -3.59 2.51 30.4 0.137
80 1/3 0.697 -0.929 0.691 -0.976 0.771 -0.991 0.810 -0.997 -5.000 -53.000 0.000 Forward 4.62 10.37 74.3 0.080
100 1/3 1.489 -0.990 0.858 -0.995 0.776 -0.995 0.759 -0.998 -5.000 -55.000 0.000 Forward -2.44 -0.26 36.3 0.138
125 1/3 0.597 -0.966 0.719 -0.986 0.754 -0.994 0.712 -0.997 -5.000 -58.000 0.000 Forward 3.69 9.11 70.1 0.064
160 1/3 0.477 -0.978 0.723 -0.976 0.630 -0.988 0.750 -0.994 -5.000 -58.000 0.000 Forward 6.87 12.50 82.9 0.046
200 1/3 0.815 -0.957 0.783 -0.992 0.827 -0.996 0.979 -0.997 -5.000 -60.000 0.000 Forward -0.86 4.06 45.1 0.077
250 1/3 1.152 -0.976 1.288 -0.996 1.172 -0.992 1.124 -0.998 -5.000 -56.000 0.000 Forward -1.26 3.38 42.8 0.089
315 1/3 0.963 -0.971 1.432 -0.997 1.373 -0.999 1.352 -0.999 -5.000 -60.000 0.000 Forward 4.03 6.03 71.7 0.065
400 1/3 1.059 -0.992 1.570 -0.994 1.385 -0.995 1.290 -0.998 -5.000 -60.000 0.000 Forward 1.42 3.34 58.1 0.077
500 1/3 1.130 -0.993 1.222 -0.996 1.232 -0.997 1.277 -0.999 -5.000 -60.000 0.000 Forward -0.82 1.46 45.3 0.090
630 1/3 1.534 -0.994 1.374 -0.996 1.372 -0.997 1.326 -0.999 -5.000 -60.000 0.000 Forward -1.74 0.89 40.1 0.106
800 1/3 1.290 -0.996 1.374 -0.995 1.344 -0.998 1.374 -0.999 -5.000 -59.000 0.000 Forward -3.91 -0.17 28.9 0.112
1000 1/3 1.154 -0.993 1.353 -0.998 1.320 -0.999 1.359 -1.000 -5.000 -58.000 0.000 Forward -0.38 3.30 47.8 0.089
1250 1/3 1.436 -0.993 1.333 -0.997 1.306 -0.999 1.283 -1.000 -5.000 -56.000 0.000 Forward -0.04 2.88 49.8 0.084
1600 1/3 1.559 -0.995 1.323 -0.999 1.365 -0.999 1.382 -1.000 -5.000 -60.000 0.000 Forward -0.12 1.97 49.3 0.090
2000 1/3 1.372 -0.996 1.386 -0.999 1.352 -1.000 1.369 -1.000 -5.000 -60.000 0.000 Forward -0.49 2.00 47.2 0.088
2500 1/3 1.355 -0.998 1.287 -0.999 1.299 -1.000 1.316 -1.000 -5.000 -60.000 0.000 Forward -1.32 1.99 42.5 0.091
3150 1/3 1.360 -0.997 1.249 -0.999 1.246 -1.000 1.276 -1.000 -5.000 -60.000 0.000 Forward -1.04 1.70 44.1 0.091
4000 1/3 1.281 -0.999 1.233 -1.000 1.256 -1.000 1.253 -1.000 -5.000 -58.000 0.000 Forward -0.48 2.31 47.3 0.082
5000 1/3 1.183 -0.999 1.172 -1.000 1.187 -1.000 1.193 -1.000 -5.000 -60.000 0.000 Forward 0.54 3.07 53.1 0.074
6300 1/3 1.094 -0.998 1.054 -1.000 1.063 -1.000 1.077 -1.000 -5.000 -54.000 0.000 Forward 1.11 3.57 56.4 0.066
8000 1/3 0.813 -0.998 0.888 -1.000 0.901 -1.000 0.901 -1.000 -5.000 -49.000 0.000 Forward 3.04 5.78 66.8 0.050
10000 1/3 0.704 -0.997 0.728 -1.000 0.732 -1.000 0.738 -1.000 -5.000 -49.000 0.000 Forward 3.98 7.14 71.4 0.041

full 1/3 1.183 -0.998 1.281 -1.000 1.283 -1.000 1.276 -1.000 -5.000 -31.000 0.000 Forward 0.45 3.27 52.6 0.075

