RT60 data saved by REW V5.31.1
Source: Scarlett 2i4 USB, MICROPHONE, R, volume: no control. Timing signal peak level -30.5 dBFS, measurement signal peak level -21.8 dBFS
Dated: Apr 16, 2024 9:39:46 AM
Measurement: pillows-and-throws-p1-c
Sweep level: -18.0 dBFS
Response measured over: 10.1 to 20,000.0 Hz
Peak value: 0.011307448 at index 44100
Response length: 131072 samples
Sample interval: 2.2675736961451248E-5 seconds
Start time: -1.0008563311916636 seconds

Format is freq (Hz), BW (octaves), EDT (s), r, T20 (s), r, T30 (s), r, Topt (s), r, ToptStart (dB), ToptEnd (dB), T60M (s), reverse/forward/zero phase filtered, C50 (dB), C80 (dB), D50 (%), TS (s)

50 1/3 0.686 -0.944 0.538 -0.996 0.526 -0.998 0.520 -0.999 -5.000 -39.000 0.000 Forward 10.09 16.77 91.1 0.077
63 1/3 0.811 -0.890 0.456 -0.941 0.498 -0.975 0.237 -0.998 -5.000 -20.000 0.000 Forward 2.29 11.01 62.9 0.086
80 1/3 0.935 -0.852 0.502 -0.959 0.544 -0.982 0.546 -0.990 -5.000 -40.000 0.000 Forward -0.83 9.39 45.3 0.092
100 1/3 0.494 -0.911 0.629 -0.959 0.473 -0.977 0.513 -0.992 -5.000 -60.000 0.000 Forward 10.40 12.25 91.6 0.055
125 1/3 0.606 -0.983 0.329 -0.947 0.373 -0.979 0.202 -0.987 -5.000 -20.000 0.000 Forward 4.32 14.28 73.0 0.050
160 1/3 0.441 -0.960 0.298 -0.963 0.366 -0.980 0.450 -0.987 -5.000 -52.000 0.000 Forward 7.67 19.82 85.4 0.041
200 1/3 0.199 -0.930 0.394 -0.980 0.341 -0.988 0.390 -0.995 -5.000 -57.000 0.000 Forward 11.39 19.26 93.2 0.026
250 1/3 0.274 -0.986 0.354 -0.989 0.424 -0.986 0.406 -0.996 -5.000 -51.000 0.000 Forward 10.35 17.56 91.5 0.026
315 1/3 0.436 -0.987 0.459 -0.970 0.472 -0.988 0.482 -0.996 -5.000 -60.000 0.000 Forward 7.86 15.65 85.9 0.037
400 1/3 0.205 -0.916 0.523 -0.990 0.438 -0.991 0.460 -0.997 -8.000 -51.000 0.000 Forward 11.29 15.31 93.1 0.027
500 1/3 0.281 -0.971 0.409 -0.962 0.463 -0.987 0.489 -0.995 -5.000 -47.000 0.000 Forward 9.41 18.44 89.7 0.026
630 1/3 0.248 -0.961 0.480 -0.973 0.501 -0.991 0.568 -0.996 -11.000 -60.000 0.000 Forward 11.04 17.77 92.7 0.020
800 1/3 0.282 -0.991 0.627 -0.987 0.619 -0.995 0.630 -0.997 -10.000 -43.000 0.000 Forward 11.71 13.69 93.7 0.023
1000 1/3 0.355 -0.967 0.549 -0.991 0.524 -0.996 0.547 -0.999 -5.000 -57.000 0.000 Forward 10.19 13.51 91.3 0.022
1250 1/3 0.414 -0.977 0.408 -0.997 0.452 -0.997 0.417 -0.998 -5.000 -28.000 0.000 Forward 7.95 13.39 86.2 0.023
1600 1/3 0.340 -0.994 0.496 -0.995 0.474 -0.998 0.513 -0.998 -5.000 -51.000 0.000 Forward 8.42 13.00 87.4 0.024
2000 1/3 0.333 -0.988 0.424 -0.985 0.465 -0.994 0.527 -0.998 -5.000 -60.000 0.000 Forward 8.60 15.67 87.9 0.026
2500 1/3 0.330 -0.973 0.473 -0.983 0.475 -0.995 0.528 -0.998 -5.000 -58.000 0.000 Forward 11.12 15.54 92.8 0.019
3150 1/3 0.367 -0.918 0.431 -0.989 0.450 -0.996 0.469 -0.998 -5.000 -43.000 0.000 Forward 11.55 16.16 93.5 0.019
4000 1/3 0.431 -0.926 0.391 -0.991 0.417 -0.996 0.430 -0.997 -5.000 -40.000 0.000 Forward 10.55 15.66 91.9 0.017
5000 1/3 0.496 -0.911 0.402 -0.997 0.435 -0.998 0.482 -0.999 -5.000 -60.000 0.000 Forward 10.86 16.06 92.4 0.013
6300 1/3 0.437 -0.951 0.379 -0.997 0.428 -0.996 0.458 -0.999 -5.000 -60.000 0.000 Forward 10.51 16.08 91.8 0.015
8000 1/3 0.544 -0.890 0.341 -0.995 0.377 -0.996 0.415 -0.998 -5.000 -56.000 0.000 Forward 12.39 18.17 94.5 0.011
10000 1/3 0.513 -0.807 0.335 -0.995 0.353 -0.998 0.368 -0.999 -5.000 -50.000 0.000 Forward 14.76 20.28 96.8 0.007

full 1/3 0.408 -0.974 0.382 -0.994 0.431 -0.996 0.445 -0.997 -5.000 -40.000 0.000 Forward 11.83 17.32 93.8 0.012

