RT60 data saved by REW V5.31.1
Source: Scarlett 2i4 USB, MICROPHONE, R, volume: no control. Timing signal peak level -30.0 dBFS, measurement signal peak level -22.3 dBFS
Dated: Apr 16, 2024 9:40:37 AM
Measurement: pillows-and-throws-p1-rr
Sweep level: -18.0 dBFS
Response measured over: 10.1 to 20,000.0 Hz
Peak value: 0.0016267122 at index 44100
Response length: 131072 samples
Sample interval: 2.2675736961451248E-5 seconds
Start time: -0.9977382098671298 seconds

Format is freq (Hz), BW (octaves), EDT (s), r, T20 (s), r, T30 (s), r, Topt (s), r, ToptStart (dB), ToptEnd (dB), T60M (s), reverse/forward/zero phase filtered, C50 (dB), C80 (dB), D50 (%), TS (s)

50 1/3 0.859 -0.976 0.695 -0.988 0.679 -0.991 0.603 -0.993 -5.000 -45.000 0.000 Forward 6.62 7.30 82.1 0.081
63 1/3 0.605 -0.955 0.404 -0.945 0.482 -0.974 0.501 -0.992 -5.000 -53.000 0.000 Forward 8.29 10.31 87.1 0.052
80 1/3 0.614 -0.955 0.268 -0.991 0.341 -0.984 0.256 -0.993 -5.000 -24.000 0.000 Forward 5.59 11.51 78.4 0.066
100 1/3 0.574 -0.912 0.352 -0.978 0.499 -0.974 0.641 -0.990 -5.000 -60.000 0.000 Forward 7.34 15.99 84.4 0.057
125 1/3 0.326 -0.904 0.484 -0.937 0.451 -0.966 0.449 -0.988 -5.000 -42.000 0.000 Forward 15.97 21.33 97.5 0.035
160 1/3 0.318 -0.967 0.396 -0.964 0.413 -0.981 0.432 -0.994 -5.000 -56.000 0.000 Forward 12.76 18.72 95.0 0.032
200 1/3 0.345 -0.993 0.334 -0.992 0.378 -0.992 0.403 -0.997 -5.000 -52.000 0.000 Forward 10.13 14.95 91.2 0.033
250 1/3 0.680 -0.974 0.254 -0.984 0.344 -0.982 0.405 -0.991 -5.000 -54.000 0.000 Forward 1.49 7.68 58.5 0.050
315 1/3 0.325 -0.985 0.424 -0.989 0.422 -0.991 0.484 -0.996 -5.000 -60.000 0.000 Forward 8.88 13.09 88.5 0.028
400 1/3 0.393 -0.953 0.494 -0.996 0.513 -0.998 0.501 -0.998 -5.000 -33.000 0.000 Forward 7.28 11.04 84.2 0.031
500 1/3 0.519 -0.994 0.412 -0.991 0.475 -0.993 0.574 -0.995 -5.000 -60.000 0.000 Forward 5.47 11.19 77.9 0.034
630 1/3 0.499 -0.989 0.582 -0.996 0.582 -0.997 0.597 -0.999 -5.000 -49.000 0.000 Forward 5.90 8.81 79.6 0.039
800 1/3 0.418 -0.986 0.586 -0.996 0.587 -0.996 0.564 -0.997 -5.000 -32.000 0.000 Forward 6.39 9.97 81.3 0.036
1000 1/3 0.354 -0.966 0.530 -0.996 0.526 -0.998 0.560 -0.999 -5.000 -54.000 0.000 Forward 7.46 10.49 84.8 0.036
1250 1/3 0.367 -0.993 0.468 -0.997 0.481 -0.998 0.481 -0.998 -5.000 -35.000 0.000 Forward 6.55 11.13 81.9 0.032
1600 1/3 0.319 -0.991 0.506 -0.993 0.498 -0.998 0.532 -0.998 -5.000 -49.000 0.000 Forward 9.53 13.01 90.0 0.024
2000 1/3 0.436 -0.983 0.454 -0.998 0.485 -0.998 0.467 -0.999 -5.000 -30.000 0.000 Forward 7.21 12.47 84.0 0.027
2500 1/3 0.456 -0.993 0.438 -0.997 0.433 -0.999 0.433 -0.999 -5.000 -36.000 0.000 Forward 5.27 10.44 77.1 0.031
3150 1/3 0.529 -0.996 0.448 -0.998 0.456 -0.999 0.464 -0.999 -5.000 -41.000 0.000 Forward 4.05 8.18 71.8 0.039
4000 1/3 0.456 -0.983 0.455 -0.998 0.447 -0.999 0.450 -0.999 -5.000 -38.000 0.000 Forward 6.63 11.55 82.2 0.026
5000 1/3 0.366 -0.986 0.472 -0.998 0.477 -0.999 0.486 -1.000 -5.000 -51.000 0.000 Forward 7.79 12.12 85.7 0.025
6300 1/3 0.357 -0.992 0.412 -0.999 0.433 -0.999 0.420 -0.999 -5.000 -29.000 0.000 Forward 8.03 12.91 86.4 0.025
8000 1/3 0.301 -0.982 0.405 -0.999 0.420 -0.999 0.424 -1.000 -5.000 -42.000 0.000 Forward 9.03 13.46 88.9 0.023
10000 1/3 0.273 -0.985 0.359 -0.999 0.371 -0.999 0.361 -1.000 -5.000 -30.000 0.000 Forward 9.15 14.67 89.2 0.025

full 1/3 0.379 -0.993 0.427 -0.998 0.447 -0.999 0.450 -0.999 -5.000 -37.000 0.000 Forward 7.76 12.43 85.7 0.024

