RT60 data saved by REW V5.31.1
Source: Scarlett 2i4 USB, MICROPHONE, R, volume: no control. Timing signal peak level -30.8 dBFS, measurement signal peak level -25.4 dBFS
Dated: Apr 16, 2024 9:38:55 AM
Measurement: pillows-and-throws-p1-l
Sweep level: -18.0 dBFS
Response measured over: 10.1 to 20,000.0 Hz
Peak value: 0.0039948514 at index 44100
Response length: 131072 samples
Sample interval: 2.2675736961451248E-5 seconds
Start time: -1.0000031490362349 seconds

Format is freq (Hz), BW (octaves), EDT (s), r, T20 (s), r, T30 (s), r, Topt (s), r, ToptStart (dB), ToptEnd (dB), T60M (s), reverse/forward/zero phase filtered, C50 (dB), C80 (dB), D50 (%), TS (s)

50 1/3 1.060 -0.957 0.732 -0.987 0.696 -0.995 0.704 -0.997 -5.000 -41.000 0.000 Forward 0.34 6.24 51.9 0.125
63 1/3 1.003 -0.877 0.665 -0.991 0.687 -0.996 0.678 -0.997 -5.000 -38.000 0.000 Forward -4.52 4.92 26.1 0.111
80 1/3 0.793 -0.969 0.295 -0.980 0.348 -0.984 0.304 -0.990 -5.000 -30.000 0.000 Forward 4.37 7.15 73.2 0.078
100 1/3 0.662 -0.952 0.531 -0.993 0.575 -0.997 0.586 -0.999 -5.000 -60.000 0.000 Forward 4.89 11.01 75.5 0.073
125 1/3 0.465 -0.978 0.338 -0.967 0.366 -0.976 0.400 -0.993 -5.000 -59.000 0.000 Forward 7.43 17.06 84.7 0.048
160 1/3 0.526 -0.979 0.375 -0.992 0.355 -0.996 0.360 -0.996 -5.000 -36.000 0.000 Forward 5.83 11.71 79.3 0.040
200 1/3 0.461 -0.959 0.380 -0.980 0.358 -0.991 0.350 -0.996 -5.000 -58.000 0.000 Forward 7.51 16.41 84.9 0.041
250 1/3 0.367 -0.975 0.438 -0.987 0.429 -0.996 0.410 -0.997 -5.000 -50.000 0.000 Forward 8.63 16.81 88.0 0.028
315 1/3 0.308 -0.946 0.367 -0.981 0.429 -0.987 0.438 -0.997 -5.000 -60.000 0.000 Forward 9.76 14.15 90.4 0.026
400 1/3 0.231 -0.948 0.539 -0.993 0.490 -0.996 0.502 -0.998 -8.000 -52.000 0.000 Forward 11.28 13.75 93.1 0.025
500 1/3 0.318 -0.982 0.443 -0.990 0.485 -0.995 0.527 -0.998 -5.000 -54.000 0.000 Forward 10.15 14.52 91.2 0.032
630 1/3 0.437 -0.972 0.503 -0.996 0.528 -0.996 0.518 -0.998 -5.000 -49.000 0.000 Forward 6.87 9.54 82.9 0.036
800 1/3 0.417 -0.991 0.541 -0.996 0.556 -0.996 0.581 -0.998 -5.000 -52.000 0.000 Forward 6.31 11.85 81.0 0.033
1000 1/3 0.283 -0.969 0.543 -0.997 0.570 -0.999 0.563 -0.999 -10.000 -60.000 0.000 Forward 9.38 13.99 89.7 0.023
1250 1/3 0.410 -0.986 0.497 -0.990 0.483 -0.996 0.548 -0.998 -5.000 -58.000 0.000 Forward 6.84 12.80 82.8 0.029
1600 1/3 0.511 -0.981 0.490 -0.996 0.530 -0.997 0.567 -0.999 -5.000 -60.000 0.000 Forward 6.59 11.93 82.0 0.026
2000 1/3 0.454 -0.970 0.434 -0.996 0.487 -0.996 0.573 -0.997 -5.000 -60.000 0.000 Forward 7.23 11.81 84.1 0.027
2500 1/3 0.405 -0.975 0.467 -0.993 0.504 -0.996 0.517 -0.999 -5.000 -54.000 0.000 Forward 8.60 13.34 87.9 0.024
3150 1/3 0.430 -0.992 0.468 -0.997 0.489 -0.998 0.512 -0.999 -5.000 -49.000 0.000 Forward 7.82 12.21 85.8 0.025
4000 1/3 0.442 -0.979 0.505 -0.999 0.496 -0.999 0.509 -1.000 -5.000 -47.000 0.000 Forward 9.03 13.22 88.9 0.017
5000 1/3 0.487 -0.979 0.480 -0.999 0.469 -0.999 0.470 -0.999 -5.000 -36.000 0.000 Forward 9.02 13.52 88.9 0.017
6300 1/3 0.521 -0.976 0.478 -0.999 0.478 -1.000 0.476 -1.000 -5.000 -59.000 0.000 Forward 8.60 12.74 87.9 0.018
8000 1/3 0.436 -0.917 0.477 -0.997 0.465 -0.999 0.474 -1.000 -5.000 -60.000 0.000 Forward 10.40 14.69 91.6 0.012
10000 1/3 0.457 -0.945 0.436 -0.998 0.419 -0.999 0.418 -1.000 -5.000 -60.000 0.000 Forward 10.40 14.60 91.6 0.013

full 1/3 0.423 -0.994 0.464 -0.999 0.481 -0.999 0.475 -0.999 -5.000 -33.000 0.000 Forward 8.86 13.45 88.5 0.018

