RT60 data saved by REW V5.31.1
Source: Scarlett 2i4 USB, MICROPHONE, R, volume: no control. Timing signal peak level -30.8 dBFS, measurement signal peak level -25.8 dBFS
Dated: Apr 16, 2024 9:39:21 AM
Measurement: pillows-and-throws-p1-r
Sweep level: -18.0 dBFS
Response measured over: 10.1 to 20,000.0 Hz
Peak value: 0.004197395 at index 44098
Response length: 131072 samples
Sample interval: 2.2675736961451248E-5 seconds
Start time: -0.9998985946385235 seconds

Format is freq (Hz), BW (octaves), EDT (s), r, T20 (s), r, T30 (s), r, Topt (s), r, ToptStart (dB), ToptEnd (dB), T60M (s), reverse/forward/zero phase filtered, C50 (dB), C80 (dB), D50 (%), TS (s)

50 1/3 1.329 -0.964 0.706 -0.995 0.699 -0.998 0.714 -0.998 -5.000 -40.000 0.000 Forward -2.20 3.13 37.6 0.140
63 1/3 0.833 -0.961 0.639 -0.995 0.636 -0.998 0.638 -0.998 -5.000 -36.000 0.000 Forward 4.72 6.93 74.8 0.095
80 1/3 0.691 -0.960 0.392 -0.938 0.442 -0.978 0.452 -0.980 -5.000 -36.000 0.000 Forward 5.60 6.96 78.4 0.075
100 1/3 0.795 -0.989 0.474 -0.998 0.472 -0.999 0.475 -0.999 -5.000 -38.000 0.000 Forward 3.76 7.04 70.4 0.076
125 1/3 0.322 -0.976 0.382 -0.989 0.369 -0.995 0.363 -0.995 -5.000 -34.000 0.000 Forward 10.55 14.44 91.9 0.032
160 1/3 0.322 -0.963 0.347 -0.959 0.335 -0.978 0.398 -0.988 -5.000 -60.000 0.000 Forward 9.85 18.73 90.6 0.037
200 1/3 0.495 -0.954 0.375 -0.962 0.373 -0.985 0.406 -0.997 -5.000 -60.000 0.000 Forward 5.42 14.53 77.7 0.044
250 1/3 0.408 -0.935 0.456 -0.966 0.408 -0.986 0.375 -0.996 -5.000 -57.000 0.000 Forward 9.10 11.05 89.1 0.029
315 1/3 0.166 -0.966 0.477 -0.989 0.499 -0.996 0.504 -0.999 -11.000 -58.000 0.000 Forward 14.88 16.58 96.9 0.021
400 1/3 0.284 -0.979 0.584 -0.991 0.588 -0.996 0.637 -0.998 -9.000 -60.000 0.000 Forward 9.50 13.32 89.9 0.028
500 1/3 0.453 -0.939 0.467 -0.987 0.485 -0.995 0.512 -0.997 -5.000 -49.000 0.000 Forward 4.45 10.42 73.6 0.047
630 1/3 0.496 -0.982 0.546 -0.996 0.567 -0.997 0.555 -0.998 -5.000 -33.000 0.000 Forward 4.41 8.70 73.4 0.047
800 1/3 0.513 -0.975 0.570 -0.992 0.603 -0.996 0.613 -0.998 -5.000 -42.000 0.000 Forward 6.35 10.39 81.2 0.034
1000 1/3 0.439 -0.984 0.478 -0.996 0.519 -0.997 0.546 -0.998 -5.000 -48.000 0.000 Forward 7.96 11.01 86.2 0.027
1250 1/3 0.448 -0.989 0.496 -0.999 0.503 -0.999 0.497 -0.999 -5.000 -40.000 0.000 Forward 6.60 10.95 82.0 0.030
1600 1/3 0.448 -0.990 0.509 -0.997 0.525 -0.999 0.542 -0.999 -5.000 -42.000 0.000 Forward 6.78 11.34 82.7 0.030
2000 1/3 0.417 -0.990 0.488 -0.995 0.521 -0.998 0.574 -0.998 -5.000 -56.000 0.000 Forward 7.93 11.34 86.1 0.028
2500 1/3 0.380 -0.994 0.511 -0.998 0.505 -0.999 0.508 -0.999 -5.000 -42.000 0.000 Forward 8.81 13.03 88.4 0.022
3150 1/3 0.465 -0.976 0.481 -0.998 0.482 -0.999 0.481 -0.999 -5.000 -38.000 0.000 Forward 8.61 13.44 87.9 0.018
4000 1/3 0.542 -0.978 0.480 -0.999 0.488 -0.999 0.488 -0.999 -5.000 -35.000 0.000 Forward 7.77 12.56 85.7 0.020
5000 1/3 0.578 -0.985 0.492 -0.999 0.493 -1.000 0.491 -1.000 -5.000 -40.000 0.000 Forward 7.06 11.52 83.6 0.022
6300 1/3 0.668 -0.957 0.511 -0.997 0.497 -0.999 0.498 -1.000 -5.000 -60.000 0.000 Forward 7.90 11.83 86.0 0.018
8000 1/3 0.561 -0.960 0.474 -0.997 0.475 -0.999 0.470 -1.000 -5.000 -60.000 0.000 Forward 8.97 13.02 88.7 0.015
10000 1/3 0.359 -0.962 0.429 -0.996 0.424 -0.999 0.424 -1.000 -5.000 -60.000 0.000 Forward 10.64 14.41 92.1 0.016

full 1/3 0.451 -0.994 0.474 -1.000 0.493 -0.999 0.478 -1.000 -5.000 -27.000 0.000 Forward 8.58 12.60 87.8 0.019

