RT60 data saved by REW V5.31.3
Source: Scarlett 2i4 USB, MICROPHONE, R, volume: no control
Dated: May 16, 2024 7:49:08 AM
Measurement: bns-back12-side12-p1-r
Sweep level: -12.0 dBFS
Response measured over: 10.1 to 20,000.0 Hz
Peak value: 0.0101089915 at index 44100
Response length: 131072 samples
Sample interval: 2.2675736961451248E-5 seconds
Start time: -1.0 seconds

Format is freq (Hz), BW (octaves), EDT (s), r, T20 (s), r, T30 (s), r, Topt (s), r, ToptStart (dB), ToptEnd (dB), T60M (s), reverse/forward/zero phase filtered, C50 (dB), C80 (dB), D50 (%), TS (s)

50 1/3 1.150 -0.949 0.618 -0.996 0.582 -0.998 0.593 -0.999 -5.000 -60.000 0.000 Forward -1.83 3.90 39.6 0.132
63 1/3 0.688 -0.937 0.498 -0.995 0.550 -0.990 0.482 -0.997 -5.000 -31.000 0.000 Forward 6.24 9.34 80.8 0.085
80 1/3 0.766 -0.976 0.366 -0.918 0.469 -0.955 0.537 -0.984 -5.000 -53.000 0.000 Forward 5.06 6.31 76.2 0.077
100 1/3 0.450 -0.912 0.511 -0.934 0.440 -0.978 0.394 -0.987 -5.000 -52.000 0.000 Forward 10.85 11.50 92.4 0.058
125 1/3 0.425 -0.937 0.279 -0.964 0.251 -0.988 0.247 -0.992 -5.000 -39.000 0.000 Forward 13.35 17.35 95.6 0.042
160 1/3 0.379 -0.987 0.232 -0.986 0.334 -0.961 0.231 -0.993 -5.000 -30.000 0.000 Forward 8.43 18.41 87.4 0.035
200 1/3 0.401 -0.979 0.364 -0.966 0.354 -0.979 0.367 -0.991 -5.000 -44.000 0.000 Forward 9.16 18.46 89.2 0.030
250 1/3 0.227 -0.952 0.266 -0.980 0.246 -0.995 0.256 -0.998 -5.000 -60.000 0.000 Forward 15.03 22.80 97.0 0.022
315 1/3 0.178 -0.945 0.203 -0.989 0.210 -0.995 0.217 -0.998 -5.000 -47.000 0.000 Forward 17.96 25.53 98.4 0.021
400 1/3 0.212 -0.974 0.206 -0.986 0.202 -0.994 0.214 -0.997 -5.000 -60.000 0.000 Forward 15.63 25.25 97.3 0.022
500 1/3 0.259 -0.953 0.232 -0.989 0.225 -0.994 0.250 -0.994 -5.000 -47.000 0.000 Forward 16.23 23.73 97.7 0.015
630 1/3 0.184 -0.966 0.241 -0.991 0.225 -0.995 0.246 -0.997 -5.000 -57.000 0.000 Forward 16.04 24.41 97.6 0.014
800 1/3 0.102 -0.969 0.214 -0.986 0.204 -0.993 0.274 -0.993 -9.000 -60.000 0.000 Forward 19.54 30.08 98.9 0.010
1000 1/3 0.120 -0.980 0.253 -0.993 0.263 -0.994 0.286 -0.997 -9.000 -60.000 0.000 Forward 17.23 24.38 98.1 0.010
1250 1/3 0.174 -0.973 0.252 -0.985 0.245 -0.995 0.247 -0.997 -5.000 -50.000 0.000 Forward 14.56 22.38 96.6 0.016
1600 1/3 0.278 -0.964 0.288 -0.987 0.280 -0.995 0.287 -0.996 -5.000 -42.000 0.000 Forward 13.56 18.21 95.8 0.017
2000 1/3 0.361 -0.907 0.270 -0.987 0.264 -0.995 0.268 -0.997 -5.000 -40.000 0.000 Forward 14.16 20.50 96.3 0.014
2500 1/3 0.183 -0.938 0.246 -0.995 0.283 -0.995 0.307 -0.998 -5.000 -59.000 0.000 Forward 16.40 23.98 97.8 0.009
3150 1/3 0.205 -0.905 0.244 -0.996 0.253 -0.998 0.247 -0.998 -5.000 -32.000 0.000 Forward 16.96 24.28 98.0 0.007
4000 1/3 0.397 -0.834 0.260 -0.982 0.270 -0.992 0.271 -0.998 -5.000 -60.000 0.000 Forward 17.18 22.63 98.1 0.008
5000 1/3 0.211 -0.947 0.269 -0.993 0.273 -0.997 0.274 -0.999 -5.000 -60.000 0.000 Forward 16.98 23.22 98.0 0.008
6300 1/3 0.109 -0.837 0.247 -0.989 0.255 -0.995 0.265 -0.998 -8.000 -57.000 0.000 Forward 18.36 26.04 98.6 0.005
8000 1/3 0.235 -0.890 0.271 -0.981 0.260 -0.992 0.280 -0.996 -5.000 -48.000 0.000 Forward 15.13 23.52 97.0 0.007
10000 1/3 0.169 -0.921 0.263 -0.981 0.251 -0.992 0.280 -0.997 -5.000 -60.000 0.000 Forward 14.99 24.17 96.9 0.006

full 1/3 0.260 -0.942 0.270 -0.995 0.310 -0.995 0.293 -0.996 -5.000 -32.000 0.000 Forward 16.05 22.89 97.6 0.007

