RT60 data saved by REW V5.31.3
Source: Scarlett 2i4 USB, MICROPHONE, L, volume: no control. Timing signal peak level -17.0 dBFS, measurement signal peak level -14.7 dBFS
Dated: Aug 8, 2024 4:27:50 PM
Measurement: screens-p1-1-r
Sweep level: -12.0 dBFS
Response measured over: 10.1 to 20,000.0 Hz
Peak value: 0.0289284 at index 44100
Response length: 131072 samples
Sample interval: 2.2675736961451248E-5 seconds
Start time: -1.0001360544217688 seconds

Format is freq (Hz), BW (octaves), EDT (s), r, T20 (s), r, T30 (s), r, Topt (s), r, ToptStart (dB), ToptEnd (dB), T60M (s), reverse/forward/zero phase filtered, C50 (dB), C80 (dB), D50 (%), TS (s)

50 1/3 1.099 -0.945 0.564 -0.994 0.530 -0.997 0.536 -0.999 -5.000 -56.000 0.000 Forward -1.43 4.20 41.8 0.129
63 1/3 0.684 -0.939 0.461 -0.994 0.417 -0.996 0.416 -0.996 -5.000 -36.000 0.000 Forward 6.33 9.03 81.1 0.085
80 1/3 0.585 -0.956 0.383 -0.976 0.425 -0.981 0.366 -0.987 -5.000 -30.000 0.000 Forward 7.23 9.43 84.1 0.071
100 1/3 0.525 -0.890 0.500 -0.938 0.428 -0.975 0.481 -0.982 -5.000 -42.000 0.000 Forward 12.96 16.18 95.2 0.055
125 1/3 0.269 -0.959 0.317 -0.962 0.371 -0.975 0.384 -0.985 -5.000 -51.000 0.000 Forward 19.13 22.09 98.8 0.030
160 1/3 0.304 -0.947 0.222 -0.974 0.383 -0.939 0.158 -0.995 -5.000 -20.000 0.000 Forward 15.99 22.48 97.5 0.032
200 1/3 0.217 -0.984 0.173 -0.986 0.234 -0.974 0.183 -0.991 -5.000 -29.000 0.000 Forward 20.64 28.56 99.1 0.022
250 1/3 0.175 -0.902 0.232 -0.964 0.207 -0.985 0.197 -0.995 -5.000 -60.000 0.000 Forward 20.49 28.09 99.1 0.021
315 1/3 0.179 -0.961 0.226 -0.973 0.203 -0.979 0.183 -0.994 -5.000 -60.000 0.000 Forward 12.84 23.89 95.1 0.023
400 1/3 0.143 -0.909 0.219 -0.939 0.172 -0.978 0.195 -0.990 -5.000 -50.000 0.000 Forward 19.45 30.45 98.9 0.016
500 1/3 0.141 -0.946 0.208 -0.984 0.227 -0.992 0.222 -0.997 -5.000 -60.000 0.000 Forward 20.13 26.02 99.0 0.016
630 1/3 0.145 -0.989 0.162 -0.989 0.150 -0.992 0.183 -0.994 -5.000 -56.000 0.000 Forward 21.78 32.99 99.3 0.011
800 1/3 0.222 -0.925 0.156 -0.970 0.173 -0.987 0.186 -0.994 -5.000 -51.000 0.000 Forward 22.39 29.88 99.4 0.011
1000 1/3 0.120 -0.972 0.245 -0.983 0.191 -0.985 0.192 -0.995 -5.000 -51.000 0.000 Forward 17.59 29.49 98.3 0.009
1250 1/3 0.168 -0.985 0.189 -0.997 0.200 -0.998 0.190 -0.998 -5.000 -29.000 0.000 Forward 16.77 27.30 97.9 0.013
1600 1/3 0.208 -0.986 0.195 -0.995 0.230 -0.994 0.269 -0.996 -5.000 -60.000 0.000 Forward 16.75 24.86 97.9 0.013
2000 1/3 0.265 -0.936 0.225 -0.994 0.216 -0.997 0.221 -0.998 -5.000 -40.000 0.000 Forward 16.32 23.70 97.7 0.011
2500 1/3 0.114 -0.930 0.226 -0.993 0.236 -0.995 0.264 -0.998 -9.000 -52.000 0.000 Forward 19.20 26.09 98.8 0.007
3150 1/3 0.243 -0.904 0.208 -0.992 0.225 -0.995 0.220 -0.996 -5.000 -34.000 0.000 Forward 17.85 26.11 98.4 0.008
4000 1/3 0.227 -0.865 0.260 -0.993 0.267 -0.996 0.266 -0.999 -5.000 -58.000 0.000 Forward 17.42 24.04 98.2 0.006
5000 1/3 0.110 -0.908 0.230 -0.991 0.246 -0.996 0.267 -0.998 -8.000 -59.000 0.000 Forward 19.20 26.29 98.8 0.005
6300 1/3 0.154 -0.893 0.228 -0.992 0.261 -0.994 0.273 -0.998 -5.000 -58.000 0.000 Forward 19.41 25.96 98.9 0.005
8000 1/3 0.288 -0.885 0.229 -0.987 0.256 -0.993 0.265 -0.998 -5.000 -60.000 0.000 Forward 17.31 25.05 98.2 0.007
10000 1/3 0.360 -0.876 0.220 -0.984 0.254 -0.990 0.264 -0.998 -5.000 -60.000 0.000 Forward 18.30 25.24 98.5 0.007

full 1/3 0.189 -0.959 0.231 -0.993 0.285 -0.991 0.235 -0.994 -5.000 -26.000 0.000 Forward 18.50 25.22 98.6 0.006

