RT60 data saved by REW V5.31.1
Source: Scarlett 2i4 USB, MICROPHONE, R, volume: no control. Timing signal peak level -35.9 dBFS, measurement signal peak level -26.0 dBFS
Dated: Apr 24, 2024 6:42:43 PM
Measurement: empty-p1-lrss
Sweep level: -18.0 dBFS
Response measured over: 10.1 to 20,000.0 Hz
Peak value: 0.0045185755 at index 44100
Response length: 131072 samples
Sample interval: 2.2675736961451248E-5 seconds
Start time: -0.9999958646868327 seconds

Format is freq (Hz), BW (octaves), EDT (s), r, T20 (s), r, T30 (s), r, Topt (s), r, ToptStart (dB), ToptEnd (dB), T60M (s), reverse/forward/zero phase filtered, C50 (dB), C80 (dB), D50 (%), TS (s)

50 1/3 0.737 -0.956 0.657 -0.993 0.626 -0.996 0.596 -0.998 -5.000 -49.000 0.000 Forward 6.50 9.38 81.7 0.090
63 1/3 0.681 -0.855 0.614 -0.979 0.564 -0.993 0.579 -0.998 -5.000 -57.000 0.000 Forward 11.83 13.10 93.8 0.075
80 1/3 0.564 -0.890 0.340 -0.986 0.554 -0.966 0.345 -0.991 -5.000 -27.000 0.000 Forward 10.05 12.82 91.0 0.061
100 1/3 0.818 -0.990 0.404 -0.997 0.452 -0.996 0.414 -0.998 -5.000 -29.000 0.000 Forward 3.74 7.51 70.3 0.073
125 1/3 0.420 -0.910 0.357 -0.981 0.504 -0.977 0.568 -0.993 -5.000 -60.000 0.000 Forward 14.21 19.66 96.3 0.045
160 1/3 0.279 -0.898 0.595 -0.957 0.458 -0.975 0.458 -0.986 -5.000 -40.000 0.000 Forward 12.51 17.20 94.7 0.032
200 1/3 0.471 -0.980 0.534 -0.972 0.485 -0.982 0.433 -0.992 -5.000 -50.000 0.000 Forward 8.43 14.71 87.4 0.039
250 1/3 0.216 -0.971 0.405 -0.987 0.432 -0.989 0.451 -0.995 -9.000 -59.000 0.000 Forward 12.08 14.92 94.2 0.023
315 1/3 0.168 -0.959 0.400 -0.965 0.334 -0.983 0.353 -0.995 -5.000 -60.000 0.000 Forward 12.72 14.48 94.9 0.023
400 1/3 0.162 -0.940 0.429 -0.984 0.479 -0.991 0.481 -0.996 -10.000 -52.000 0.000 Forward 13.63 15.84 95.8 0.022
500 1/3 0.295 -0.971 0.407 -0.997 0.454 -0.994 0.409 -0.998 -5.000 -30.000 0.000 Forward 10.16 14.73 91.2 0.026
630 1/3 0.517 -0.978 0.403 -0.984 0.390 -0.991 0.406 -0.992 -5.000 -38.000 0.000 Forward 4.73 12.37 74.8 0.041
800 1/3 0.268 -0.941 0.411 -0.993 0.408 -0.998 0.410 -0.999 -5.000 -39.000 0.000 Forward 10.68 16.02 92.1 0.022
1000 1/3 0.166 -0.981 0.440 -0.991 0.424 -0.995 0.465 -0.998 -9.000 -55.000 0.000 Forward 12.45 16.51 94.6 0.018
1250 1/3 0.332 -0.973 0.342 -0.991 0.424 -0.990 0.295 -0.995 -5.000 -20.000 0.000 Forward 10.65 17.30 92.1 0.019
1600 1/3 0.268 -0.948 0.401 -0.995 0.448 -0.995 0.458 -0.999 -5.000 -52.000 0.000 Forward 12.97 16.61 95.2 0.014
2000 1/3 0.342 -0.988 0.391 -0.996 0.430 -0.996 0.462 -0.998 -5.000 -52.000 0.000 Forward 10.08 15.07 91.1 0.022
2500 1/3 0.300 -0.959 0.417 -0.996 0.443 -0.997 0.459 -0.999 -5.000 -49.000 0.000 Forward 12.24 16.78 94.4 0.014
3150 1/3 0.294 -0.974 0.411 -0.990 0.435 -0.995 0.458 -0.998 -5.000 -52.000 0.000 Forward 13.18 17.13 95.4 0.014
4000 1/3 0.161 -0.914 0.434 -0.994 0.440 -0.998 0.444 -0.999 -9.000 -43.000 0.000 Forward 14.52 17.58 96.6 0.008
5000 1/3 0.308 -0.900 0.425 -0.997 0.433 -0.999 0.439 -0.999 -5.000 -40.000 0.000 Forward 12.60 16.99 94.8 0.010
6300 1/3 0.357 -0.895 0.388 -0.997 0.411 -0.998 0.425 -0.999 -5.000 -42.000 0.000 Forward 13.01 18.77 95.2 0.009
8000 1/3 0.238 -0.881 0.385 -0.998 0.404 -0.999 0.410 -0.999 -5.000 -48.000 0.000 Forward 13.62 18.88 95.8 0.007
10000 1/3 0.290 -0.900 0.329 -0.996 0.346 -0.998 0.357 -0.998 -5.000 -41.000 0.000 Forward 14.13 20.04 96.3 0.008

full 1/3 0.286 -0.973 0.384 -0.999 0.415 -0.999 0.386 -0.999 -5.000 -26.000 0.000 Forward 12.72 17.44 94.9 0.011

