RT60 data saved by REW V5.31.1
Source: Scarlett 2i4 USB, MICROPHONE, R, volume: no control. Timing signal peak level -37.9 dBFS, measurement signal peak level -25.8 dBFS
Dated: Apr 24, 2024 6:44:50 PM
Measurement: abs-p1-lrss
Sweep level: -18.0 dBFS
Response measured over: 10.1 to 20,000.0 Hz
Peak value: 0.00434419 at index 44100
Response length: 131072 samples
Sample interval: 2.2675736961451248E-5 seconds
Start time: -0.9999946651424316 seconds

Format is freq (Hz), BW (octaves), EDT (s), r, T20 (s), r, T30 (s), r, Topt (s), r, ToptStart (dB), ToptEnd (dB), T60M (s), reverse/forward/zero phase filtered, C50 (dB), C80 (dB), D50 (%), TS (s)

50 1/3 0.743 -0.950 0.641 -0.992 0.611 -0.996 0.577 -0.998 -5.000 -54.000 0.000 Forward 6.55 9.52 81.9 0.090
63 1/3 0.675 -0.852 0.597 -0.978 0.546 -0.993 0.580 -0.996 -5.000 -50.000 0.000 Forward 11.96 13.20 94.0 0.075
80 1/3 0.547 -0.899 0.347 -0.982 0.543 -0.971 0.345 -0.987 -5.000 -26.000 0.000 Forward 9.00 11.43 88.8 0.063
100 1/3 0.846 -0.983 0.403 -0.998 0.418 -0.999 0.418 -0.999 -5.000 -35.000 0.000 Forward 2.80 7.25 65.6 0.077
125 1/3 0.419 -0.910 0.310 -0.988 0.422 -0.978 0.308 -0.992 -5.000 -28.000 0.000 Forward 13.87 19.32 96.1 0.046
160 1/3 0.277 -0.904 0.581 -0.970 0.468 -0.964 0.461 -0.985 -5.000 -41.000 0.000 Forward 12.41 18.08 94.6 0.032
200 1/3 0.500 -0.976 0.459 -0.972 0.447 -0.985 0.385 -0.987 -5.000 -51.000 0.000 Forward 7.96 14.10 86.2 0.039
250 1/3 0.242 -0.979 0.324 -0.995 0.371 -0.981 0.323 -0.995 -5.000 -27.000 0.000 Forward 13.08 17.51 95.3 0.025
315 1/3 0.185 -0.972 0.372 -0.970 0.280 -0.972 0.278 -0.988 -5.000 -44.000 0.000 Forward 13.45 15.94 95.7 0.023
400 1/3 0.180 -0.946 0.465 -0.972 0.428 -0.993 0.433 -0.996 -10.000 -51.000 0.000 Forward 14.28 16.37 96.4 0.023
500 1/3 0.326 -0.993 0.357 -0.996 0.386 -0.993 0.355 -0.997 -5.000 -32.000 0.000 Forward 9.24 14.03 89.3 0.029
630 1/3 0.392 -0.984 0.313 -0.992 0.384 -0.990 0.313 -0.992 -5.000 -25.000 0.000 Forward 8.69 15.61 88.1 0.029
800 1/3 0.206 -0.971 0.390 -0.995 0.368 -0.996 0.378 -0.996 -5.000 -38.000 0.000 Forward 13.36 17.81 95.6 0.016
1000 1/3 0.142 -0.994 0.398 -0.981 0.375 -0.993 0.466 -0.996 -10.000 -60.000 0.000 Forward 15.48 18.84 97.2 0.013
1250 1/3 0.224 -0.943 0.356 -0.996 0.382 -0.998 0.394 -0.998 -5.000 -43.000 0.000 Forward 12.57 18.22 94.8 0.014
1600 1/3 0.238 -0.973 0.397 -0.983 0.397 -0.995 0.413 -0.998 -5.000 -47.000 0.000 Forward 13.61 16.94 95.8 0.016
2000 1/3 0.229 -0.972 0.391 -0.995 0.381 -0.998 0.385 -0.999 -5.000 -38.000 0.000 Forward 12.75 16.22 95.0 0.014
2500 1/3 0.238 -0.972 0.375 -0.994 0.398 -0.996 0.418 -0.998 -5.000 -47.000 0.000 Forward 12.93 18.20 95.2 0.013
3150 1/3 0.300 -0.938 0.362 -0.988 0.404 -0.994 0.439 -0.998 -5.000 -58.000 0.000 Forward 14.37 18.59 96.5 0.011
4000 1/3 0.338 -0.897 0.373 -0.998 0.392 -0.999 0.394 -0.999 -5.000 -40.000 0.000 Forward 13.58 17.74 95.8 0.009
5000 1/3 0.369 -0.910 0.393 -0.998 0.401 -0.999 0.405 -0.999 -5.000 -43.000 0.000 Forward 12.65 17.40 94.8 0.010
6300 1/3 0.384 -0.861 0.378 -0.998 0.372 -0.999 0.376 -0.999 -5.000 -42.000 0.000 Forward 13.66 18.29 95.9 0.009
8000 1/3 0.212 -0.888 0.380 -0.997 0.381 -0.999 0.386 -0.999 -5.000 -43.000 0.000 Forward 13.96 18.95 96.1 0.007
10000 1/3 0.159 -0.940 0.337 -0.996 0.348 -0.998 0.354 -0.999 -8.000 -42.000 0.000 Forward 14.60 20.54 96.6 0.007

full 1/3 0.269 -0.974 0.370 -0.998 0.387 -0.999 0.387 -0.999 -5.000 -35.000 0.000 Forward 13.54 18.08 95.8 0.010

