RT60 data saved by REW V5.31.1
Source: Scarlett 2i4 USB, MICROPHONE, R, volume: no control. Timing signal peak level -37.3 dBFS, measurement signal peak level -25.7 dBFS
Dated: Apr 24, 2024 6:46:01 PM
Measurement: abs-p1-lrss-dup
Sweep level: -18.0 dBFS
Response measured over: 10.1 to 20,000.0 Hz
Peak value: 0.0045783836 at index 44100
Response length: 131072 samples
Sample interval: 2.2675736961451248E-5 seconds
Start time: -0.9999958604312251 seconds

Format is freq (Hz), BW (octaves), EDT (s), r, T20 (s), r, T30 (s), r, Topt (s), r, ToptStart (dB), ToptEnd (dB), T60M (s), reverse/forward/zero phase filtered, C50 (dB), C80 (dB), D50 (%), TS (s)

50 1/3 0.742 -0.950 0.644 -0.992 0.615 -0.996 0.581 -0.998 -5.000 -54.000 0.000 Forward 6.55 9.53 81.9 0.090
63 1/3 0.676 -0.852 0.599 -0.977 0.545 -0.993 0.548 -0.997 -5.000 -52.000 0.000 Forward 11.93 13.17 94.0 0.075
80 1/3 0.547 -0.900 0.347 -0.982 0.530 -0.973 0.364 -0.988 -5.000 -27.000 0.000 Forward 8.97 11.40 88.7 0.063
100 1/3 0.842 -0.983 0.405 -0.998 0.415 -0.999 0.415 -0.999 -5.000 -35.000 0.000 Forward 2.79 7.21 65.5 0.077
125 1/3 0.419 -0.910 0.310 -0.988 0.423 -0.977 0.305 -0.993 -5.000 -28.000 0.000 Forward 13.82 19.27 96.0 0.046
160 1/3 0.277 -0.904 0.584 -0.970 0.469 -0.963 0.457 -0.986 -5.000 -41.000 0.000 Forward 12.44 18.05 94.6 0.032
200 1/3 0.501 -0.976 0.459 -0.972 0.447 -0.985 0.367 -0.987 -5.000 -23.000 0.000 Forward 7.96 14.07 86.2 0.039
250 1/3 0.242 -0.979 0.325 -0.994 0.371 -0.981 0.324 -0.995 -5.000 -27.000 0.000 Forward 13.12 17.51 95.4 0.025
315 1/3 0.185 -0.971 0.374 -0.969 0.281 -0.972 0.333 -0.989 -5.000 -60.000 0.000 Forward 13.39 15.90 95.6 0.023
400 1/3 0.180 -0.945 0.463 -0.974 0.427 -0.994 0.426 -0.997 -10.000 -51.000 0.000 Forward 14.24 16.37 96.4 0.023
500 1/3 0.328 -0.993 0.354 -0.996 0.388 -0.993 0.357 -0.997 -5.000 -32.000 0.000 Forward 9.19 13.95 89.2 0.029
630 1/3 0.393 -0.985 0.320 -0.992 0.386 -0.990 0.416 -0.992 -5.000 -42.000 0.000 Forward 8.72 15.55 88.2 0.029
800 1/3 0.211 -0.971 0.386 -0.995 0.361 -0.996 0.367 -0.996 -5.000 -37.000 0.000 Forward 13.21 17.77 95.4 0.016
1000 1/3 0.142 -0.994 0.392 -0.985 0.372 -0.994 0.454 -0.996 -10.000 -60.000 0.000 Forward 15.17 18.61 97.0 0.013
1250 1/3 0.231 -0.943 0.342 -0.996 0.372 -0.997 0.389 -0.998 -5.000 -43.000 0.000 Forward 12.39 18.25 94.5 0.015
1600 1/3 0.241 -0.973 0.386 -0.983 0.397 -0.995 0.416 -0.998 -5.000 -47.000 0.000 Forward 13.68 17.29 95.9 0.016
2000 1/3 0.231 -0.970 0.391 -0.995 0.380 -0.998 0.382 -0.999 -5.000 -37.000 0.000 Forward 12.73 16.30 94.9 0.014
2500 1/3 0.241 -0.970 0.379 -0.994 0.398 -0.997 0.415 -0.999 -5.000 -47.000 0.000 Forward 12.94 18.10 95.2 0.013
3150 1/3 0.306 -0.936 0.355 -0.987 0.406 -0.993 0.439 -0.998 -5.000 -58.000 0.000 Forward 14.49 19.00 96.6 0.011
4000 1/3 0.343 -0.893 0.370 -0.998 0.393 -0.998 0.407 -0.999 -5.000 -49.000 0.000 Forward 13.51 17.66 95.7 0.009
5000 1/3 0.362 -0.905 0.396 -0.998 0.402 -0.999 0.403 -0.999 -5.000 -41.000 0.000 Forward 12.45 17.30 94.6 0.010
6300 1/3 0.378 -0.861 0.375 -0.998 0.378 -0.999 0.379 -1.000 -5.000 -42.000 0.000 Forward 13.59 18.60 95.8 0.009
8000 1/3 0.179 -0.880 0.383 -0.997 0.384 -0.999 0.390 -1.000 -8.000 -44.000 0.000 Forward 14.20 19.16 96.3 0.007
10000 1/3 0.166 -0.934 0.331 -0.997 0.346 -0.998 0.356 -0.999 -9.000 -43.000 0.000 Forward 14.99 20.91 96.9 0.006

full 1/3 0.272 -0.972 0.368 -0.998 0.386 -0.999 0.369 -0.999 -5.000 -28.000 0.000 Forward 13.62 18.25 95.8 0.010

