* Measurement data measured by REW V5.31
* Source: Scarlett 2i4 USB, MICROPHONE, R, volume: no control. Timing signal peak level -32.0 dBFS, measurement signal peak level -26.2 dBFS
* Format: 512k Log Swept Sine, 1 sweep at -18.0 dBFS using an acoustic timing reference
* Dated: Apr 16, 2024 9:57:51 AM
* REW Settings:
*  C-weighting compensation: Off
*  Target level: 75.0 dB
* Note: ; Delay 0.0458 ms (16 mm, 0.62 in) using estimated IR delay relative to Acoustic reference played from SPEAKER L with no timing offset
* Measurement: curtains-p1-r
* Smoothing: 1/48 octave
* Frequency Step: 96 ppo
* Start Frequency: 10.093689 Hz
*
* Freq(Hz) SPL(dB) Phase(degrees)
10.093689 17.934 97.3566
10.166832 18.238 91.2843
10.240505 18.605 85.1937
10.314712 18.982 79.3109
10.389457 19.360 73.8213
10.464743 19.728 68.7941
10.540575 20.078 63.8830
10.616956 20.416 59.1269
10.693891 20.741 54.6635
10.771383 21.052 50.6263
10.849437 21.345 46.9047
10.928057 21.623 43.3632
11.007246 21.893 40.0460
11.087009 22.161 37.0199
11.167350 22.427 34.3272
11.248273 22.689 31.8827
11.329783 22.953 29.6188
11.411883 23.229 27.4925
11.494578 23.521 25.5214
11.577873 23.827 23.7662
11.661771 24.145 22.1006
11.746277 24.476 20.4005
11.831395 24.823 18.6253
11.917130 25.185 16.9022
12.003487 25.556 15.1420
12.090469 25.925 13.2371
12.178081 26.290 11.1360
12.266329 26.653 8.9297
12.355216 27.005 6.6260
12.444747 27.334 4.2021
12.534926 27.638 1.5817
12.625760 27.919 -1.2019
12.717251 28.168 -4.0387
12.809406 28.379 -6.8717
12.902228 28.551 -9.8846
12.995723 28.683 -12.9979
13.089895 28.770 -16.0283
13.184750 28.808 -18.9349
13.280292 28.796 -21.9494
13.376526 28.735 -24.8879
13.473458 28.621 -27.5107
13.571093 28.452 -29.9407
13.669434 28.230 -32.2112
13.768489 27.968 -34.1018
13.868261 27.663 -35.4155
13.968756 27.314 -36.2226
14.069979 26.965 -36.4666
14.171936 26.652 -36.0300
14.274632 26.367 -34.6900
14.378072 26.153 -32.6565
14.482261 26.076 -30.3364
14.587206 26.164 -27.6329
14.692910 26.388 -24.8257
14.799381 26.721 -22.5740
14.906624 27.162 -21.0160
15.014643 27.691 -19.9989
15.123446 28.237 -19.6962
15.233036 28.761 -20.1545
15.343421 29.272 -21.1663
15.454606 29.744 -22.5377
15.566596 30.158 -24.2522
15.679398 30.519 -26.3101
15.793018 30.828 -28.4166
15.907460 31.083 -30.5113
16.022732 31.286 -32.7056
16.138840 31.448 -34.7417
16.255788 31.575 -36.5467
16.373585 31.670 -38.2239
16.492234 31.755 -39.6419
16.611744 31.834 -40.7406
16.732119 31.917 -41.5989
16.853367 32.023 -42.2676
16.975494 32.158 -42.6865
17.098505 32.322 -42.9755
17.222408 32.521 -43.2823
17.347209 32.757 -43.5413
17.472914 33.015 -43.8694
17.599530 33.291 -44.3471
17.727063 33.580 -44.9184
17.855521 33.869 -45.5959
17.984909 34.152 -46.3961
18.115235 34.429 -47.2611
18.246506 34.693 -48.1403
18.378727 34.946 -49.0527
18.511907 35.191 -49.9392
18.646052 35.429 -50.7837
18.781169 35.661 -51.5982
18.917265 35.892 -52.3714
19.054347 36.122 -53.1077
19.192423 36.349 -53.8141
19.331499 36.573 -54.5059
19.471583 36.792 -55.1570
19.612682 37.002 -55.7507
19.754804 37.205 -56.2920
19.897956 37.403 -56.6913
20.042144 37.597 -56.9612
20.187378 37.800 -57.0706
20.333664 38.019 -56.9721
20.481010 38.265 -56.7445
20.629424 38.553 -56.4434
20.778913 38.886 -56.0963
20.929486 39.264 -55.9553
21.081150 39.684 -55.9664
21.233912 40.123 -56.3423
21.387782 40.571 -57.0781
21.542767 41.005 -58.1303
21.698874 41.406 -59.5477
21.856113 41.763 -61.1406
22.014492 42.062 -62.8478
22.174018 42.306 -64.5598
22.334700 42.496 -66.0374
22.496546 42.646 -67.3026
22.659566 42.779 -68.0905
22.823766 42.915 -68.4775
22.989157 43.098 -68.4454
23.155745 43.340 -68.0755
23.323542 43.666 -67.7062
23.492554 44.070 -67.3747
23.662790 44.527 -67.4825
23.834261 45.018 -67.9493
24.006973 45.498 -68.8882
24.180938 45.952 -70.1573
24.356163 46.358 -71.5611
24.532658 46.718 -72.9951
24.710431 47.044 -74.1371
24.889493 47.366 -74.9942
25.069853 47.725 -75.3514
25.251519 48.160 -75.4974
25.434502 48.709 -75.4565
25.618811 49.369 -75.8586
25.804456 50.131 -76.7496
25.991445 50.937 -78.6704
26.179790 51.752 -81.4443
26.369500 52.516 -85.2340
26.560584 53.203 -89.7589
26.753053 53.781 -94.9770
26.946917 54.236 -100.5497
27.142185 54.555 -106.5140
27.338869 54.735 -112.3782
27.536977 54.772 -118.2719
27.736522 54.672 -123.6469
27.937512 54.448 -128.5285
28.139959 54.120 -132.5042
28.343872 53.740 -135.4366
28.549264 53.355 -137.0947
28.756143 53.060 -137.5918
28.964522 52.917 -137.2384
29.174411 52.975 -136.5151
29.385821 53.204 -136.2928
29.598763 53.555 -136.7987
29.813248 53.939 -138.3809
30.029287 54.291 -140.7867
30.246891 54.569 -143.9144
30.466073 54.744 -147.3847
30.686842 54.810 -150.9293
30.909212 54.770 -154.3749
31.133193 54.642 -157.3391
31.358797 54.452 -159.7075
31.586035 54.233 -161.2871
31.814921 54.040 -161.9875
32.045465 53.924 -161.9228
32.277680 53.930 -161.2379
32.511577 54.089 -160.3914
32.747169 54.392 -159.8243
32.984469 54.810 -159.8233
33.223488 55.292 -160.6399
33.464239 55.782 -162.2805
33.706735 56.246 -164.6026
33.950987 56.655 -167.4725
34.197010 56.997 -170.6375
34.444816 57.275 -173.8959
34.694417 57.501 -177.1245
34.945827 57.695 179.7964
35.199059 57.884 176.8772
35.454126 58.084 174.0074
35.711041 58.303 171.0666
35.969818 58.533 167.9005
36.230470 58.754 164.3762
36.493011 58.938 160.5103
36.757455 59.061 156.3853
37.023814 59.106 152.1307
37.292104 59.069 147.9686
37.562338 58.962 144.1479
37.834530 58.815 140.8067
38.108695 58.667 137.9984
38.384846 58.559 135.6592
38.662999 58.521 133.5569
38.943167 58.559 131.3413
39.225365 58.648 128.7763
39.509608 58.754 125.7890
39.795911 58.849 122.4452
40.084289 58.920 118.9047
40.374756 58.982 115.3493
40.667328 59.070 111.8555
40.962020 59.227 108.2584
41.258848 59.474 104.1903
41.557827 59.799 99.2252
41.858972 60.158 93.0342
42.162299 60.488 85.4693
42.467824 60.731 76.5558
42.775564 60.840 66.4389
43.085533 60.786 55.3278
43.397749 60.557 43.4551
43.712227 60.153 31.0565
44.028983 59.589 18.3314
44.348036 58.894 5.4354
44.669400 58.109 -7.5177
44.993093 57.285 -20.4526
45.319131 56.479 -33.3168
45.647532 55.740 -46.0347
45.978313 55.101 -58.4480
46.311491 54.578 -70.2781
46.647083 54.180 -81.1564
46.985107 53.927 -90.7412
47.325581 53.847 -98.8904
47.668521 53.960 -105.7825
48.013947 54.240 -111.8356
48.361876 54.620 -117.4109
48.712326 55.021 -122.5310
49.065315 55.411 -126.8513
49.420863 55.831 -129.9132
49.778987 56.385 -131.5804
50.139706 57.170 -132.3920
50.503039 58.190 -133.3494
50.869005 59.364 -135.2170
51.237623 60.609 -138.1406
51.608912 61.889 -141.9312
51.982891 63.212 -146.5425
52.359580 64.572 -152.2650
52.739000 65.920 -159.5281
53.121168 67.169 -168.5641
53.506106 68.231 -179.2619
53.893833 69.035 168.7294
54.284370 69.538 155.8806
54.677737 69.715 142.7383
55.073955 69.565 129.8820
55.473043 69.106 117.9024
55.875024 68.385 107.3508
56.279917 67.476 98.6394
56.687745 66.477 91.9391
57.098527 65.484 87.0070
57.512287 64.552 83.3411
57.929045 63.682 80.6075
58.348822 62.869 78.8456
58.771642 62.145 78.2111
59.197525 61.578 78.5416
59.626495 61.213 79.2448
60.058573 61.036 79.7006
60.493782 61.002 79.5991
60.932145 61.070 78.8596
61.373685 61.214 77.3493
61.818424 61.389 74.8632
62.266386 61.536 71.3511
62.717593 61.601 67.0170
63.172071 61.555 62.2405
63.629842 61.404 57.4126
64.090930 61.178 52.7672
64.555359 60.918 48.3724
65.023154 60.660 44.1000
65.494339 60.427 39.6730
65.968938 60.210 34.7404
66.446976 59.972 29.0773
66.928478 59.665 22.7109
67.413469 59.260 15.8875
67.901975 58.764 8.8486
68.394021 58.218 1.6164
68.889632 57.667 -6.1567
69.388835 57.129 -15.0496
69.891655 56.596 -25.6045
70.398118 56.071 -38.3164
70.908252 55.578 -53.8360
71.422083 55.151 -72.8771
71.939636 54.785 -95.9838
72.460941 54.417 -122.6740
72.986023 53.940 -151.8351
73.514909 53.222 178.2249
74.047629 52.160 147.9580
74.584208 50.792 115.5090
75.124676 49.652 73.2614
75.669061 49.954 9.5448
76.217390 52.002 -42.9443
76.769692 54.591 -73.3313
77.325997 56.975 -94.5833
77.886333 59.033 -111.4867
78.450730 60.838 -125.8619
79.019216 62.454 -138.9380
79.591822 63.869 -151.7999
80.168577 65.027 -164.8900
80.749512 65.894 -178.0192
81.334656 66.490 169.2872
81.924040 66.867 157.2133
82.517696 67.045 145.5167
83.115653 66.981 133.9674
83.717943 66.599 122.8905
84.324598 65.855 113.3470
84.935649 64.801 106.7678
85.551128 63.614 104.4963
86.171066 62.604 107.0728
86.795497 62.151 113.4127
87.424453 62.476 120.5771
88.057967 63.446 125.5133
88.696071 64.756 127.1346
89.338800 66.180 125.6807
89.986185 67.584 121.4595
90.638262 68.873 114.6960
91.295065 69.971 105.6830
91.956626 70.818 94.7257
92.622982 71.350 82.1317
93.294166 71.498 68.3650
93.970214 71.204 54.1957
94.651161 70.439 40.7003
95.337042 69.231 29.1113
96.027894 67.668 20.5311
96.723752 65.887 15.6432
97.424652 64.063 14.7097
98.130631 62.414 17.6328
98.841726 61.191 23.3384
99.557974 60.548 29.6173
100.279412 60.433 34.5923
101.006078 60.668 37.4465
101.738010 61.063 37.8225
102.475245 61.433 35.4904
103.217823 61.596 30.7991
103.965782 61.426 25.0997
104.719161 60.927 20.3085
105.477999 60.251 17.9458
106.242336 59.664 18.2832
107.012212 59.417 19.9464
107.787666 59.563 20.1301
108.568740 59.866 16.6152
109.355474 60.008 9.7461
110.147909 59.830 1.3744
110.946086 59.364 -6.9315
111.750047 58.745 -15.0082
112.559834 58.061 -24.1237
113.375489 57.274 -35.6241
114.197055 56.296 -50.0975
115.024574 55.106 -68.1527
115.858089 53.799 -90.8641
116.697645 52.596 -118.3652
117.543284 51.838 -146.8715
118.395051 51.740 -170.4017
119.252990 52.182 173.4180
120.117147 52.988 164.0365
120.987565 54.172 160.0177
121.864291 55.714 158.0846
122.747370 57.390 154.7422
123.636848 58.944 148.9824
124.532771 60.250 141.6573
125.435187 61.281 133.7120
126.344142 62.047 125.6515
127.259684 62.559 117.8456
128.181860 62.843 110.8130
129.110718 62.972 105.1742
130.046308 63.068 101.2543
130.988677 63.240 98.3298
131.937875 63.471 94.9734
132.893951 63.642 90.6748
133.856956 63.652 86.1335
134.826938 63.483 82.3779
135.803950 63.204 80.2739
136.788041 62.972 80.7153
137.779264 63.046 83.9053
138.777669 63.571 87.2261
139.783309 64.362 87.4806
140.796237 65.117 84.5632
141.816504 65.663 79.9053
142.844165 65.940 74.5331
143.879273 65.927 69.4043
144.921881 65.696 66.1912
145.972045 65.475 66.3058
147.029819 65.581 69.3201
148.095257 66.205 72.9728
149.168417 67.264 74.6865
150.249353 68.495 72.8861
151.338121 69.635 67.5078
152.434780 70.536 59.7590
153.539385 71.168 50.8672
154.651995 71.544 41.4479
155.772667 71.687 31.9064
156.901460 71.634 22.6178
158.038432 71.427 13.6559
159.183644 71.099 4.8940
160.337154 70.660 -3.9386
161.499023 70.076 -13.2859
162.669312 69.262 -23.3947
163.848081 68.091 -33.8826
165.035392 66.443 -43.2312
166.231306 64.289 -48.7328
167.435887 61.759 -47.8202
168.649196 59.191 -38.6982
169.871298 57.250 -21.0599
171.102255 56.711 -2.0746
172.342133 57.579 12.8060
173.590995 59.147 20.7838
174.848907 60.686 19.8429
176.115934 61.844 13.4573
177.392143 62.566 4.3009
178.677599 62.824 -7.5133
179.972371 62.528 -21.9651
181.276525 61.587 -38.8464
182.590129 59.997 -59.0844
183.913252 58.194 -89.8979
185.245964 57.743 -169.5439
186.588332 59.543 124.7700
187.940428 61.976 97.1360
189.302322 64.008 76.9009
190.674085 65.456 58.5425
192.055788 66.306 40.4321
193.447503 66.525 22.2214
194.849303 66.084 4.7090
196.261262 65.004 -10.6641
197.683452 63.385 -22.3311
199.115948 61.458 -29.1914
200.558824 59.625 -33.7808
202.012156 58.282 -43.9661
203.476019 57.745 -68.6353
204.950490 58.478 -121.0432
206.435646 60.257 177.2632
207.931564 62.089 139.0466
209.438322 63.599 115.3882
210.955998 65.185 103.3826
212.484672 67.013 95.0598
214.024424 68.571 81.4329
215.575333 69.505 64.9814
217.137481 69.801 48.8904
218.710948 69.556 34.7864
220.295818 68.893 23.0767
221.892172 67.839 12.9736
223.500094 66.417 7.5493
225.119668 65.249 16.6802
226.750978 65.398 32.0205
228.394109 66.291 31.0029
230.049147 66.744 21.7483
231.716178 66.468 13.5530
233.395289 65.737 10.6865
235.086567 65.079 14.0901
236.790102 65.154 22.9912
238.505980 66.264 32.4519
240.234293 67.900 34.7585
241.975130 69.373 29.1826
243.728581 70.348 19.3435
245.494739 70.724 7.8455
247.273695 70.511 -2.6638
249.065542 69.928 -8.7837
250.870374 69.461 -9.1782
252.688284 69.608 -7.0159
254.519367 70.383 -7.4006
256.363720 71.284 -14.2014
258.221437 71.722 -27.5071
260.092616 71.307 -43.6819
261.977354 69.927 -56.3884
263.875750 67.951 -55.8921
265.787903 66.484 -42.4778
267.713911 66.258 -35.9888
269.653877 66.511 -38.6370
271.607900 66.412 -45.7588
273.576083 65.743 -52.0417
275.558528 65.165 -45.5684
277.555338 65.956 -23.5378
279.566619 67.572 -22.6736
281.592474 68.605 -36.7688
283.633009 68.482 -54.5764
285.688331 67.198 -65.2310
287.758546 65.668 -54.7102
289.843763 65.495 -38.3804
291.944090 66.576 -35.5308
294.059638 67.662 -41.8857
296.190515 68.137 -52.7012
298.336833 67.890 -62.9829
300.498705 67.196 -67.5310
302.676243 66.639 -65.7600
304.869559 66.585 -63.6860
307.078770 66.798 -65.5784
309.303989 66.929 -69.3933
311.545334 67.100 -69.7727
313.802919 67.692 -67.3210
316.076865 68.622 -69.4890
318.367288 69.575 -75.1301
320.674309 70.438 -82.5730
322.998047 71.059 -93.1008
325.338624 71.296 -105.1562
327.696162 71.149 -116.9221
330.070783 70.791 -125.9817
332.462612 70.603 -131.6064
334.871773 70.680 -139.8262
337.298392 70.586 -152.7625
339.742595 70.001 -165.6963
342.204510 69.096 -174.2783
344.684265 68.287 -179.6575
347.181989 67.826 175.4326
349.697813 67.708 169.5027
352.231868 67.867 162.9958
354.784285 68.175 153.8630
357.355198 68.344 141.2444
359.944741 68.204 127.6897
362.553049 67.742 114.5762
365.180258 67.060 103.6069
367.826505 66.478 97.0676
370.491927 66.437 93.4373
373.176665 66.805 84.7847
375.880856 67.107 72.6130
378.604644 67.269 60.5085
381.348169 67.293 46.8408
384.111575 67.042 31.5098
386.895006 66.337 14.4238
389.698607 64.907 -0.2268
392.522524 63.141 6.9617
395.366904 62.417 18.5791
398.231895 62.530 10.6001
401.117648 62.265 -1.4709
404.024312 61.541 -7.4314
406.952038 61.125 -4.0210
409.900981 61.557 -2.4719
412.871292 62.462 -6.7131
415.863128 63.272 -16.8525
418.876643 63.477 -32.4172
421.911996 63.234 -44.0986
424.969344 63.136 -55.0623
428.048847 62.855 -76.0259
431.150666 61.679 -102.7810
434.274961 59.817 -131.6914
437.421897 58.404 -171.1729
440.591636 58.010 -25.6160
443.784345 57.904 -57.5208
447.000189 58.919 -18.9312
450.239337 61.364 -26.6235
453.501956 63.441 -68.2693
456.788219 64.483 -116.8191
460.098294 64.833 -163.4463
463.432356 65.326 158.6116
466.790578 66.379 127.0911
470.173135 67.264 95.1416
473.580203 67.453 65.7366
477.011961 67.095 41.6362
480.468586 66.527 23.3435
483.950259 66.121 8.7634
487.457163 65.701 -10.3601
490.989478 65.069 -23.0110
494.547390 65.753 14.7266
498.131084 67.894 12.6104
501.740748 69.527 -16.4026
505.376568 69.897 -51.8442
509.038735 68.968 -89.3970
512.727439 67.002 -129.7437
516.442874 64.724 171.2751
520.185232 63.165 64.1689
523.954708 62.166 -1.9019
527.751500 60.695 -39.9304
531.575805 59.093 -16.5317
535.427822 59.008 5.4241
539.307753 60.496 -0.7078
543.215800 62.257 -16.4673
547.152165 63.262 -48.7524
551.117055 63.437 -92.0193
555.110677 63.128 -162.9551
559.133237 63.140 92.2749
563.184947 63.804 36.6919
567.266018 64.092 -2.7861
571.376661 63.455 -32.0381
575.517092 62.782 -42.8496
579.687526 63.193 -55.4326
583.888181 63.648 -88.3457
588.119275 63.182 -135.8174
592.381030 61.736 149.0825
596.673667 60.067 54.1064
600.997410 59.554 5.8203
605.352485 59.767 -30.8667
609.739119 59.288 -65.0957
614.157540 58.775 -93.1479
618.607979 60.166 -137.9531
623.090667 63.013 145.6274
627.605839 65.841 72.9595
632.153730 67.785 9.4395
636.734576 68.724 -54.5835
641.348617 68.724 -122.6992
645.996094 67.750 170.9492
650.677248 66.161 121.0835
655.392323 65.044 87.7681
660.141566 64.527 55.6069
664.925224 63.470 28.2559
669.743546 62.159 26.1802
674.596784 62.291 33.7402
679.485191 63.796 54.1987
684.409020 65.239 44.1562
689.368530 65.583 19.2607
694.363979 65.208 2.0957
699.395626 64.720 -11.6069
704.463736 64.067 -17.7793
709.568570 63.259 -29.2744
714.710396 62.748 -22.7085
719.889483 63.296 -0.9517
725.106099 64.009 -15.5923
730.360516 64.618 -32.4644
735.653010 65.001 -56.4863
740.983855 64.383 -88.4648
746.353329 62.707 -122.1455
751.761713 61.086 -165.8296
757.209288 60.402 123.8159
762.696339 60.802 70.3125
768.223151 62.642 129.1680
773.790013 64.723 101.3281
779.397214 66.095 68.1802
785.045047 67.002 43.4307
790.733808 67.722 24.1929
796.463791 68.349 9.6704
802.235296 68.627 -9.9839
808.048623 68.126 -30.2402
813.904077 67.217 -43.3364
819.801961 66.636 -55.7168
825.742584 67.006 -67.3486
831.726255 68.269 -87.4497
837.753287 68.860 -130.4531
843.823992 67.827 170.2114
849.938689 65.287 107.7285
856.097695 62.220 67.2393
862.301332 61.572 63.8096
868.549922 64.681 74.3755
874.843793 68.148 67.0532
881.183272 70.186 40.5811
887.568689 70.394 9.3896
894.000378 69.433 -12.5298
900.478673 68.691 -19.8325
907.003913 69.289 -23.6143
913.576437 69.920 -45.5166
920.196588 69.266 -75.0688
926.864712 67.484 -106.5728
933.581156 65.338 -152.0664
940.346270 63.983 66.7163
947.160407 63.729 24.8359
954.023921 65.112 21.9429
960.937172 67.295 10.6460
967.900519 68.719 -10.7324
974.914325 69.099 -32.3774
981.978956 68.646 -50.6187
989.094780 67.628 -66.0005
996.262169 66.044 -79.0146
1003.481495 64.464 -80.1982
1010.753136 64.456 -41.8926
1018.077470 65.733 -36.3105
1025.454879 66.429 -53.9897
1032.885748 66.122 -66.0635
1040.370463 65.358 -73.4937
1047.909417 64.535 -80.1538
1055.503000 63.679 -86.2646
1063.151610 62.960 -80.8999
1070.855645 63.018 -77.1143
1078.615506 63.194 -88.3833
1086.431599 63.199 -97.0063
1094.304330 64.560 -77.4541
1102.234110 67.085 -32.0254
1110.221353 68.962 -49.6445
1118.266475 69.539 -80.4019
1126.369895 69.061 -109.8706
1134.532035 67.636 -139.6006
1142.753322 65.124 -163.9956
1151.034184 62.308 -105.2266
1159.375052 61.569 -61.6094
1167.776361 63.114 -55.2661
1176.238550 64.029 -77.0552
1184.762060 63.341 -93.2544
1193.347334 62.681 -79.1050
1201.994821 63.753 -67.9121
1210.704971 64.757 -84.5273
1219.478238 64.534 -101.3911
1228.315080 64.195 -95.6230
1237.215957 64.633 -96.8066
1246.181334 64.504 -113.1816
1255.211678 63.502 -123.0747
1264.307459 62.375 -128.3428
1273.469152 61.391 -130.1538
1282.697235 60.948 -122.9751
1291.992188 61.153 -126.7900
1301.354495 60.953 -141.9292
1310.784647 60.589 -133.1211
1320.283132 61.533 -91.6714
1329.850448 62.428 -108.1602
1339.487093 62.385 -115.4014
1349.193569 63.169 -88.9111
1358.970381 65.121 -95.4019
1368.818041 66.663 -115.1626
1378.737061 67.355 -135.3896
1388.727958 67.534 -155.9268
1398.791253 66.926 179.1440
1408.927471 65.674 -171.1147
1419.137140 65.094 -152.3970
1429.420793 64.396 -173.5933
1439.778965 62.445 179.1411
1450.212197 61.026 -160.9419
1460.721033 61.780 -159.0205
1471.306019 63.346 -165.5508
1481.967709 64.380 175.8330
1492.706658 64.260 151.1343
1503.523426 63.761 128.7041
1514.418576 63.513 96.9434
1525.392678 63.779 54.1426
1536.446302 64.640 -1.4888
1547.580025 65.549 -56.3599
1558.794428 65.793 -105.2134
1570.090095 64.926 -141.7881
1581.467615 64.295 -148.8833
1592.927581 64.665 -160.2080
1604.470591 63.985 170.8628
1616.097246 62.063 176.8359
1627.808153 61.728 -149.3242
1639.603922 63.282 -163.1128
1651.485168 64.393 169.7373
1663.452510 64.170 138.5396
1675.506573 62.626 115.4478
1687.647984 60.870 133.5903
1699.877377 60.002 145.2676
1712.195390 60.104 132.6846
1724.602663 60.600 112.9102
1737.099845 61.276 88.3735
1749.687587 61.610 55.6738
1762.366544 62.073 118.2017
1775.137379 62.698 98.0518
1788.000756 62.656 49.3364
1800.957346 62.069 2.3662
1814.007826 61.500 -40.0967
1827.152874 61.041 -81.4136
1840.393177 60.622 -120.1753
1853.729425 60.440 -142.4717
1867.162312 60.619 -113.0859
1880.692540 61.523 -125.2261
1894.320813 62.964 -152.3438
1908.047843 63.980 176.8057
1921.874344 63.664 145.3643
1935.801038 62.124 130.6963
1949.828650 60.493 127.0952
1963.957912 59.525 118.0649
1978.189561 59.343 106.1167
1992.524338 59.678 92.6602
2006.962991 60.133 74.3076
2021.506272 60.066 37.4634
2036.154940 60.101 1.1411
2050.909758 61.147 -37.2100
2065.771495 62.199 -75.7759
2080.740927 63.060 -111.9878
2095.818833 63.665 -147.8896
2111.006001 63.888 -151.9731
2126.303220 63.911 -144.4512
2141.711290 64.547 -161.1382
2157.231013 65.383 178.3491
2172.863198 66.216 163.3252
2188.608660 66.983 142.4385
2204.468221 67.584 117.9419
2220.442706 67.408 85.5430
2236.532950 66.037 50.5981
2252.739789 64.009 7.1729
2269.064070 61.785 175.1001
2285.506644 60.589 144.7178
2302.068367 61.176 136.5488
2318.750104 62.307 119.2407
2335.552723 62.843 103.7407
2352.477101 63.187 174.2754
2369.524119 63.869 159.8672
2386.694668 64.601 147.1895
2403.989641 65.192 135.8584
2421.409941 65.524 120.3994
2438.956476 65.772 106.6401
2456.630160 66.357 100.0332
2474.431915 67.403 105.1890
2492.362668 68.102 90.8540
2510.423356 67.248 68.3931
2528.614918 65.295 61.7476
2546.938304 64.085 70.0142
2565.394469 64.206 76.3804
2583.984375 64.498 69.3325
2602.708991 65.033 74.8599
2621.569293 65.845 74.1294
2640.566265 65.901 54.9829
2659.700897 64.896 41.2427
2678.974186 63.957 44.4795
2698.387137 64.172 70.8477
2717.940763 65.478 74.1348
2737.636082 66.343 55.4702
2757.474121 65.797 36.4595
2777.455915 64.476 34.3716
2797.582506 64.343 48.9980
2817.854942 65.583 48.6982
2838.274281 66.154 31.0752
2858.841586 65.345 19.0923
2879.557931 64.547 28.6909
2900.424394 64.541 26.3140
2921.442065 64.530 20.0557
2942.612039 64.323 14.1406
2963.935418 63.815 4.8296
2985.413316 62.985 -0.2065
3007.046852 62.724 26.1543
3028.837153 63.296 29.2241
3050.785356 63.771 21.3975
3072.892604 64.179 17.2617
3095.160050 64.426 12.6064
3117.588856 65.025 14.7671
3140.180190 66.237 11.9463
3162.935230 66.569 -5.7563
3185.855163 65.601 -20.4702
3208.941182 64.215 -26.1060
3232.194493 63.047 -33.7373
3255.616307 62.018 -42.0708
3279.207844 61.428 -18.9727
3302.970336 62.104 11.0801
3326.905021 63.372 -0.8735
3351.013146 64.191 -18.1641
3375.295969 64.071 -30.4380
3399.754755 63.555 -29.4897
3424.390779 63.146 -40.9434
3449.205326 62.494 -53.9028
3474.199690 61.807 -71.0532
3499.375173 60.681 -100.1235
3524.733088 59.495 16.3950
3550.274757 59.067 18.3032
3576.001511 58.621 -4.8652
3601.914692 58.317 10.8687
3628.015651 58.915 19.8892
3654.305748 59.720 6.8008
3680.786354 59.984 -10.4077
3707.458849 59.239 -26.1484
3734.324624 58.099 -22.1431
3761.385080 58.499 6.8086
3788.641627 60.079 10.6724
3816.095686 61.261 9.4624
3843.748688 61.844 27.4722
3871.602076 62.523 24.0786
3899.657300 63.141 8.7666
3927.915825 63.278 -5.9399
3956.379122 62.607 -18.2974
3985.048676 61.675 -17.0718
4013.925981 61.865 -8.8887
4043.012544 62.702 -3.8574
4072.309879 63.052 -12.1201
4101.819515 62.591 -20.6631
4131.542990 62.246 -14.0537
4161.481854 62.686 -14.4570
4191.637667 63.586 -17.6323
4222.012001 64.262 -27.0874
4252.606441 64.152 -38.4722
4283.422580 63.929 -39.3643
4314.462026 64.082 -40.1919
4345.726396 63.996 -53.5259
4377.217321 62.907 -65.8647
4408.936442 61.448 -63.1558
4440.885413 60.965 -59.2803
4473.065899 61.175 -65.7627
4505.479579 60.820 -76.7144
4538.128141 59.802 -78.3809
4571.013288 59.246 -66.3999
4604.136735 59.613 -65.4551
4637.500207 59.751 -80.5693
4671.105446 59.112 -87.2852
4704.954201 58.383 -62.3208
4739.048239 58.693 -57.1621
4773.389336 59.223 -57.8057
4807.979283 59.510 -42.1313
4842.819883 59.780 -49.6826
4877.912952 59.681 -65.4961
4913.260320 58.855 -84.4292
4948.863830 57.217 -80.6084
4984.725337 55.883 -23.8618
5020.846712 56.621 -7.8408
5057.229836 58.075 -15.1865
5093.876609 58.913 -24.4497
5130.788938 59.531 -29.5728
5167.968750 59.871 -45.7051
5205.417982 59.891 -51.6719
5243.138586 59.979 -23.2773
5281.132530 60.030 -24.6113
5319.401793 60.684 -18.2666
5357.948371 62.126 -23.0903
5396.774274 62.731 -42.0527
5435.881525 61.930 -57.4990
5475.272163 60.819 -57.9497
5514.948243 60.833 -45.9302
5554.911831 61.693 -42.6055
5595.165012 62.428 -50.6362
5635.709884 62.800 -58.7900
5676.548561 62.923 -69.1353
5717.683172 62.540 -80.0630
5759.115861 61.915 -83.7285
5800.848789 61.641 -84.9888
5842.884130 61.630 -85.9731
5885.224077 61.934 -85.2563
5927.870837 62.178 -93.8945
5970.826633 62.128 -102.5444
6014.093704 61.709 -112.4141
6057.674306 60.838 -114.3730
6101.570711 60.085 -120.1567
6145.785208 59.673 -117.2251
6190.320101 59.763 -116.1870
6235.177712 59.578 -124.9932
6280.360380 59.240 -105.9419
6325.870460 58.693 -94.9175
6371.710325 58.109 -54.1724
6417.882365 58.457 -46.5610
6464.388986 58.764 -60.8335
6511.232613 59.180 -61.8252
6558.415689 60.056 -67.3652
6605.940673 60.619 -77.8657
6653.810042 61.320 -77.5854
6702.026292 62.065 -84.8008
6750.591937 62.082 -87.8101
6799.509509 62.306 -80.0635
6848.781558 62.636 -90.6323
6898.410653 62.217 -98.7935
6948.399380 61.767 -96.5991
6998.750346 62.147 -95.4644
7049.466176 63.073 -97.7773
7100.549514 63.733 -109.4717
7152.003023 63.269 -123.5259
7203.829385 62.263 -128.1304
7256.031302 61.555 -124.3125
7308.611496 61.761 -118.1631
7361.572708 62.607 -121.2817
7414.917698 62.999 -134.2578
7468.649249 62.667 -140.0239
7522.770160 62.178 -143.2134
7577.283253 61.558 -144.1973
7632.191371 61.222 -143.6084
7687.497376 60.957 -150.9829
7743.204151 60.389 -159.4209
7799.314600 59.715 -160.7866
7855.831649 59.535 -137.8501
7912.758244 59.950 -124.6348
7970.097352 60.259 -134.1333
8027.851962 60.109 -139.8857
8086.025087 60.186 -131.4238
8144.619758 61.101 -123.3501
8203.639030 61.903 -130.7036
8263.085980 62.192 -140.8062
8322.963708 62.081 -149.5405
8383.275334 61.902 -152.7061
8444.024002 62.306 -149.8311
8505.212881 63.180 -151.5405
8566.845160 63.687 -163.3335
8628.924051 63.558 -173.7646
8691.452792 63.453 -178.8623
8754.434642 63.804 -176.6694
8817.872884 64.053 172.8979
8881.770826 63.362 157.3594
8946.131799 62.085 146.6338
9010.959157 60.863 146.4907
9076.256282 60.118 150.8613
9142.026576 59.948 150.4751
9208.273470 60.622 155.3115
9275.000415 61.795 -154.7979
9342.210891 62.419 -157.0332
9409.908403 62.065 -173.6982
9478.096478 61.279 176.7871
9546.778672 61.112 179.4253
9615.958566 61.647 175.8584
9685.639765 61.963 163.7622
9755.825904 61.814 153.8818
9826.520640 61.498 153.6348
9897.727659 61.371 144.9727
9969.450674 60.824 132.2881
10041.693423 60.013 127.5610
10114.459673 59.613 131.3823
10187.753217 59.367 131.0005
10261.577877 58.964 124.8022
10335.937500 58.612 117.7148
10410.835964 58.622 121.9160
10486.277173 58.708 128.0830
10562.265060 58.455 128.0640
10638.803587 57.897 153.0757
10715.896743 57.721 -167.9380
10793.548548 58.005 179.5435
10871.763050 58.566 176.4854
10950.544327 59.915 -179.3110
11029.896485 61.251 171.5259
11109.823662 61.649 155.4844
11190.330024 61.487 146.0190
11271.419768 61.505 142.0200
11353.097122 61.315 132.7456
11435.366344 60.694 125.1914
11518.231722 60.243 124.9258
11601.697577 60.206 121.6284
11685.768261 60.022 113.7070
11770.448155 59.671 111.2241
11855.741674 59.687 112.6675
11941.653265 59.812 107.2319
12028.187408 59.539 99.3862
12115.348612 59.015 94.5723
12203.141422 58.664 90.1777
12291.570415 58.147 83.0396
12380.640201 57.309 81.4634
12470.355424 56.543 83.5654
12560.720760 55.966 86.0601
12651.740920 56.017 101.0400
12743.420650 56.884 106.2524
12835.764729 57.777 100.3418
12928.777972 58.571 94.7437
13022.465227 59.058 83.6597
13116.831378 58.695 69.0142
13211.881345 57.390 61.2261
13307.620084 56.190 73.2041
13404.052584 56.368 92.1475
13501.183875 57.643 99.3677
13599.019019 58.900 91.8945
13697.563116 59.547 80.3940
13796.821305 59.752 70.7129
13896.798760 59.738 61.0205
13997.500692 59.263 50.1011
14098.932352 58.328 45.5771
14201.099028 57.723 47.5312
14304.006046 57.708 48.6406
14407.658770 58.303 49.8677
14512.062604 59.053 42.5488
14617.222992 59.383 31.8218
14723.145416 59.372 22.0000
14829.835397 58.963 10.7886
14937.298497 58.084 1.6055
15045.540320 57.158 -2.5659
15154.566507 56.443 -8.2690
15264.382743 55.836 -12.8477
15374.994752 55.409 -18.2822
15486.408302 54.690 -27.1934
15598.629201 53.631 -33.1509
15711.663298 52.426 -41.3872
15825.516487 50.940 -43.9395
15940.194703 49.917 -23.9189
16055.703925 50.139 -3.9185
16172.050174 51.219 0.0288
16289.239516 51.724 -16.6196
16407.278061 51.468 -34.3032
16526.171961 50.584 -54.9121
16645.927415 49.041 -77.7729
16766.550667 48.070 0.4790
16888.048005 49.080 62.1328
17010.425762 50.696 43.2231
17133.690320 51.581 23.4819
17257.848103 52.100 8.6035
17382.905584 52.135 -5.2153
17508.869284 51.913 -11.1958
17635.745768 51.808 -15.2827
17763.541652 51.630 -21.1528
17892.263597 51.140 -28.0068
18021.918315 50.592 -28.5718
18152.512564 50.768 -24.6509
18284.053153 51.385 -25.5020
18416.546939 51.954 -31.0132
18550.000830 52.350 -40.4858
18684.421783 52.441 -50.9858
18819.816805 52.169 -62.3521
18956.192956 51.560 -73.9756
19093.557344 50.507 -86.2988
19231.917131 48.995 -96.1504
19371.279531 47.156 -103.5234
19511.651807 45.083 -107.6641
19653.041280 42.931 -105.1191
19795.455318 41.387 -85.0054
19938.901348 40.999 -77.9902
