RT60 data saved by REW V5.31.1
Source: Scarlett 2i4 USB, MICROPHONE, R, volume: no control. Timing signal peak level -31.7 dBFS, measurement signal peak level -23.1 dBFS
Dated: Apr 16, 2024 9:58:44 AM
Measurement: curtains-p1-rl
Sweep level: -18.0 dBFS
Response measured over: 10.1 to 20,000.0 Hz
Peak value: 0.0017798804 at index 44100
Response length: 131072 samples
Sample interval: 2.2675736961451248E-5 seconds
Start time: -0.99736219680799 seconds

Format is freq (Hz), BW (octaves), EDT (s), r, T20 (s), r, T30 (s), r, Topt (s), r, ToptStart (dB), ToptEnd (dB), T60M (s), reverse/forward/zero phase filtered, C50 (dB), C80 (dB), D50 (%), TS (s)

50 1/3 0.704 -0.973 0.748 -0.996 0.880 -0.992 0.749 -0.997 -5.000 -27.000 0.000 Forward 8.22 9.60 86.9 0.081
63 1/3 0.671 -0.985 0.422 -0.988 0.528 -0.982 0.448 -0.990 -5.000 -31.000 0.000 Forward 6.92 14.12 83.1 0.058
80 1/3 0.532 -0.876 0.344 -0.983 0.433 -0.982 0.354 -0.990 -5.000 -30.000 0.000 Forward 15.03 19.88 97.0 0.055
100 1/3 0.599 -0.900 0.245 -0.989 0.359 -0.973 0.214 -0.999 -5.000 -23.000 0.000 Forward 9.36 19.15 89.6 0.059
125 1/3 0.435 -0.967 0.190 -0.995 0.251 -0.972 0.183 -0.996 -5.000 -29.000 0.000 Forward 12.16 22.44 94.3 0.041
160 1/3 0.297 -0.972 0.209 -0.976 0.356 -0.953 0.451 -0.976 -5.000 -49.000 0.000 Forward 15.46 23.82 97.2 0.031
200 1/3 0.307 -0.972 0.290 -0.946 0.284 -0.985 0.308 -0.993 -5.000 -49.000 0.000 Forward 10.71 15.31 92.2 0.031
250 1/3 0.347 -0.979 0.343 -0.977 0.452 -0.982 0.494 -0.995 -5.000 -60.000 0.000 Forward 10.44 17.42 91.7 0.031
315 1/3 0.217 -0.989 0.396 -0.990 0.453 -0.992 0.444 -0.997 -11.000 -53.000 0.000 Forward 13.39 17.20 95.6 0.023
400 1/3 0.252 -0.989 0.451 -0.981 0.428 -0.992 0.444 -0.997 -5.000 -46.000 0.000 Forward 10.42 13.05 91.7 0.025
500 1/3 0.336 -0.959 0.411 -0.987 0.402 -0.996 0.439 -0.998 -5.000 -59.000 0.000 Forward 9.07 12.96 89.0 0.023
630 1/3 0.216 -0.967 0.360 -0.975 0.427 -0.989 0.496 -0.996 -5.000 -60.000 0.000 Forward 14.62 18.13 96.7 0.023
800 1/3 0.217 -0.985 0.370 -0.988 0.440 -0.990 0.500 -0.998 -12.000 -56.000 0.000 Forward 12.86 17.44 95.1 0.022
1000 1/3 0.255 -0.979 0.381 -0.986 0.446 -0.990 0.467 -0.997 -5.000 -51.000 0.000 Forward 10.79 16.95 92.3 0.026
1250 1/3 0.334 -0.989 0.415 -0.998 0.433 -0.999 0.439 -0.999 -5.000 -46.000 0.000 Forward 8.11 11.91 86.6 0.029
1600 1/3 0.363 -0.986 0.350 -0.996 0.388 -0.996 0.361 -0.997 -5.000 -29.000 0.000 Forward 7.75 13.60 85.6 0.027
2000 1/3 0.454 -0.985 0.324 -0.998 0.366 -0.996 0.324 -0.998 -5.000 -25.000 0.000 Forward 7.14 13.59 83.8 0.027
2500 1/3 0.350 -0.992 0.353 -0.999 0.364 -0.999 0.352 -0.999 -5.000 -30.000 0.000 Forward 8.67 13.64 88.0 0.026
3150 1/3 0.344 -0.997 0.329 -0.996 0.360 -0.996 0.358 -0.999 -5.000 -20.000 0.000 Forward 8.23 13.22 86.9 0.026
4000 1/3 0.325 -0.992 0.327 -0.999 0.349 -0.998 0.329 -0.999 -5.000 -28.000 0.000 Forward 9.50 14.85 89.9 0.021
5000 1/3 0.271 -0.991 0.319 -0.999 0.339 -0.998 0.321 -0.999 -5.000 -28.000 0.000 Forward 10.15 15.99 91.2 0.021
6300 1/3 0.169 -0.897 0.308 -0.998 0.328 -0.999 0.322 -0.999 -5.000 -33.000 0.000 Forward 14.33 20.11 96.4 0.013
8000 1/3 0.207 -0.959 0.286 -0.999 0.308 -0.998 0.292 -0.999 -5.000 -29.000 0.000 Forward 12.63 19.62 94.8 0.015
10000 1/3 0.241 -0.990 0.279 -0.997 0.297 -0.998 0.305 -0.999 -5.000 -42.000 0.000 Forward 11.90 18.61 93.9 0.019

full 1/3 0.258 -0.974 0.320 -0.999 0.355 -0.997 0.321 -0.999 -5.000 -26.000 0.000 Forward 11.66 17.21 93.6 0.017

