RT60 data saved by REW V5.31.1
Source: Scarlett 2i4 USB, MICROPHONE, R, volume: no control. Timing signal peak level -32.0 dBFS, measurement signal peak level -26.2 dBFS
Dated: Apr 16, 2024 9:57:51 AM
Measurement: curtains-p1-r
Sweep level: -18.0 dBFS
Response measured over: 10.1 to 20,000.0 Hz
Peak value: 0.004299959 at index 44100
Response length: 131072 samples
Sample interval: 2.2675736961451248E-5 seconds
Start time: -0.9999423832724444 seconds

Format is freq (Hz), BW (octaves), EDT (s), r, T20 (s), r, T30 (s), r, Topt (s), r, ToptStart (dB), ToptEnd (dB), T60M (s), reverse/forward/zero phase filtered, C50 (dB), C80 (dB), D50 (%), TS (s)

50 1/3 1.309 -0.964 0.701 -0.997 0.697 -0.999 0.698 -0.999 -5.000 -43.000 0.000 Forward -2.02 3.19 38.6 0.139
63 1/3 0.785 -0.960 0.606 -0.994 0.622 -0.998 0.616 -0.998 -5.000 -34.000 0.000 Forward 4.84 7.47 75.3 0.092
80 1/3 0.860 -0.975 0.427 -0.959 0.506 -0.978 0.627 -0.988 -5.000 -60.000 0.000 Forward 4.04 4.70 71.7 0.080
100 1/3 0.825 -0.990 0.434 -0.995 0.399 -0.997 0.400 -0.997 -5.000 -37.000 0.000 Forward 3.69 6.56 70.0 0.075
125 1/3 0.354 -0.977 0.417 -0.963 0.356 -0.983 0.440 -0.992 -5.000 -60.000 0.000 Forward 14.68 16.60 96.7 0.036
160 1/3 0.373 -0.977 0.255 -0.969 0.249 -0.980 0.249 -0.988 -5.000 -38.000 0.000 Forward 9.13 19.82 89.1 0.038
200 1/3 0.479 -0.960 0.421 -0.984 0.466 -0.991 0.482 -0.998 -5.000 -55.000 0.000 Forward 6.29 13.39 81.0 0.044
250 1/3 0.355 -0.920 0.423 -0.956 0.406 -0.985 0.433 -0.996 -5.000 -60.000 0.000 Forward 9.31 11.89 89.5 0.026
315 1/3 0.149 -0.934 0.448 -0.977 0.490 -0.992 0.461 -0.997 -11.000 -60.000 0.000 Forward 13.57 16.43 95.8 0.021
400 1/3 0.228 -0.977 0.499 -0.995 0.473 -0.997 0.478 -0.998 -7.000 -39.000 0.000 Forward 10.06 14.16 91.0 0.026
500 1/3 0.424 -0.954 0.342 -0.992 0.366 -0.997 0.370 -0.997 -5.000 -36.000 0.000 Forward 5.70 11.63 78.8 0.041
630 1/3 0.491 -0.977 0.460 -0.987 0.460 -0.995 0.474 -0.996 -5.000 -39.000 0.000 Forward 3.29 9.70 68.1 0.046
800 1/3 0.421 -0.982 0.426 -0.995 0.489 -0.994 0.405 -0.997 -5.000 -22.000 0.000 Forward 7.28 12.26 84.2 0.029
1000 1/3 0.299 -0.990 0.408 -0.996 0.447 -0.995 0.405 -0.997 -5.000 -28.000 0.000 Forward 9.67 13.77 90.3 0.021
1250 1/3 0.317 -0.985 0.435 -0.994 0.427 -0.997 0.431 -0.998 -5.000 -44.000 0.000 Forward 9.97 14.32 90.9 0.021
1600 1/3 0.337 -0.994 0.398 -0.993 0.433 -0.996 0.487 -0.997 -5.000 -55.000 0.000 Forward 8.22 13.93 86.9 0.024
2000 1/3 0.375 -0.988 0.439 -0.988 0.446 -0.996 0.511 -0.997 -5.000 -53.000 0.000 Forward 8.26 13.03 87.0 0.024
2500 1/3 0.402 -0.982 0.397 -0.998 0.407 -0.999 0.410 -0.999 -5.000 -41.000 0.000 Forward 9.01 13.40 88.8 0.018
3150 1/3 0.369 -0.945 0.434 -0.997 0.434 -0.999 0.435 -0.999 -5.000 -38.000 0.000 Forward 10.17 14.35 91.2 0.013
4000 1/3 0.412 -0.930 0.407 -0.997 0.423 -0.999 0.416 -0.999 -5.000 -33.000 0.000 Forward 10.59 15.08 92.0 0.014
5000 1/3 0.411 -0.972 0.422 -0.999 0.425 -0.999 0.428 -1.000 -5.000 -40.000 0.000 Forward 9.97 14.86 90.9 0.015
6300 1/3 0.415 -0.945 0.416 -0.998 0.425 -0.999 0.429 -0.999 -5.000 -40.000 0.000 Forward 10.93 15.52 92.5 0.013
8000 1/3 0.477 -0.914 0.398 -0.996 0.383 -0.999 0.383 -0.999 -5.000 -44.000 0.000 Forward 10.60 15.59 92.0 0.012
10000 1/3 0.394 -0.912 0.361 -0.992 0.350 -0.997 0.361 -0.999 -5.000 -46.000 0.000 Forward 11.32 15.43 93.1 0.013

full 1/3 0.381 -0.988 0.399 -0.999 0.418 -0.999 0.408 -0.999 -5.000 -31.000 0.000 Forward 10.13 14.67 91.2 0.015

