RT60 data saved by REW V5.31.1
Source: Scarlett 2i4 USB, MICROPHONE, R, volume: no control. Timing signal peak level -30.6 dBFS, measurement signal peak level -25.6 dBFS
Dated: Apr 16, 2024 9:57:23 AM
Measurement: curtains-p1-l
Sweep level: -18.0 dBFS
Response measured over: 10.1 to 20,000.0 Hz
Peak value: 0.0041013355 at index 44100
Response length: 131072 samples
Sample interval: 2.2675736961451248E-5 seconds
Start time: -1.0000011238724806 seconds

Format is freq (Hz), BW (octaves), EDT (s), r, T20 (s), r, T30 (s), r, Topt (s), r, ToptStart (dB), ToptEnd (dB), T60M (s), reverse/forward/zero phase filtered, C50 (dB), C80 (dB), D50 (%), TS (s)

50 1/3 1.062 -0.956 0.712 -0.989 0.692 -0.997 0.687 -0.998 -5.000 -45.000 0.000 Forward 0.36 6.10 52.1 0.124
63 1/3 1.037 -0.864 0.641 -0.988 0.660 -0.995 0.661 -0.997 -5.000 -38.000 0.000 Forward -5.16 4.57 23.3 0.112
80 1/3 0.880 -0.959 0.247 -0.993 0.423 -0.955 0.227 -0.997 -5.000 -23.000 0.000 Forward 2.63 6.08 64.7 0.082
100 1/3 0.678 -0.949 0.473 -0.993 0.513 -0.996 0.514 -0.998 -5.000 -46.000 0.000 Forward 4.58 11.37 74.2 0.072
125 1/3 0.474 -0.943 0.355 -0.972 0.421 -0.981 0.249 -0.997 -5.000 -20.000 0.000 Forward 8.10 17.07 86.6 0.051
160 1/3 0.427 -0.940 0.409 -0.988 0.389 -0.994 0.402 -0.995 -5.000 -41.000 0.000 Forward 7.66 13.93 85.4 0.033
200 1/3 0.385 -0.983 0.446 -0.988 0.453 -0.994 0.452 -0.997 -5.000 -54.000 0.000 Forward 8.62 13.47 87.9 0.035
250 1/3 0.427 -0.962 0.420 -0.993 0.412 -0.994 0.412 -0.998 -5.000 -60.000 0.000 Forward 7.82 13.96 85.8 0.029
315 1/3 0.225 -0.947 0.320 -0.992 0.417 -0.987 0.436 -0.998 -5.000 -60.000 0.000 Forward 12.51 17.64 94.7 0.023
400 1/3 0.193 -0.938 0.392 -0.989 0.412 -0.996 0.411 -0.997 -9.000 -45.000 0.000 Forward 12.04 15.39 94.1 0.023
500 1/3 0.302 -0.986 0.345 -0.993 0.412 -0.993 0.483 -0.996 -5.000 -58.000 0.000 Forward 9.80 15.56 90.5 0.030
630 1/3 0.281 -0.975 0.436 -0.988 0.504 -0.991 0.545 -0.996 -5.000 -53.000 0.000 Forward 9.15 11.24 89.1 0.030
800 1/3 0.312 -0.975 0.512 -0.995 0.486 -0.997 0.501 -0.998 -5.000 -45.000 0.000 Forward 8.85 13.97 88.5 0.026
1000 1/3 0.182 -0.974 0.420 -0.992 0.464 -0.995 0.477 -0.998 -10.000 -43.000 0.000 Forward 11.78 16.70 93.8 0.020
1250 1/3 0.364 -0.991 0.390 -0.987 0.420 -0.995 0.473 -0.997 -5.000 -57.000 0.000 Forward 8.66 15.62 88.0 0.023
1600 1/3 0.417 -0.976 0.428 -0.991 0.440 -0.997 0.503 -0.998 -5.000 -60.000 0.000 Forward 8.64 14.57 88.0 0.020
2000 1/3 0.322 -0.992 0.383 -0.991 0.431 -0.994 0.486 -0.997 -5.000 -58.000 0.000 Forward 9.41 14.80 89.7 0.023
2500 1/3 0.365 -0.957 0.390 -0.995 0.418 -0.997 0.465 -0.998 -5.000 -59.000 0.000 Forward 11.01 15.96 92.7 0.018
3150 1/3 0.372 -0.987 0.365 -0.997 0.436 -0.994 0.345 -0.998 -5.000 -21.000 0.000 Forward 9.38 14.78 89.6 0.019
4000 1/3 0.352 -0.953 0.385 -0.998 0.398 -0.999 0.401 -0.999 -5.000 -38.000 0.000 Forward 11.10 16.52 92.8 0.013
5000 1/3 0.415 -0.944 0.358 -0.996 0.380 -0.998 0.397 -0.998 -5.000 -43.000 0.000 Forward 11.56 17.28 93.5 0.012
6300 1/3 0.446 -0.908 0.397 -0.998 0.401 -0.999 0.409 -0.999 -5.000 -42.000 0.000 Forward 11.86 16.45 93.9 0.012
8000 1/3 0.341 -0.909 0.386 -0.997 0.372 -0.999 0.379 -0.999 -5.000 -47.000 0.000 Forward 12.31 17.63 94.5 0.009
10000 1/3 0.330 -0.893 0.350 -0.994 0.343 -0.998 0.350 -0.999 -5.000 -45.000 0.000 Forward 12.89 19.17 95.1 0.008

full 1/3 0.341 -0.989 0.381 -0.999 0.414 -0.998 0.381 -0.999 -5.000 -25.000 0.000 Forward 11.06 16.34 92.7 0.014

