RT60 data saved by REW V5.31.1
Source: Scarlett 2i4 USB, MICROPHONE, R, volume: no control. Timing signal peak level -31.0 dBFS, measurement signal peak level -23.5 dBFS
Dated: Apr 16, 2024 9:59:47 AM
Measurement: curtains-p1-rr
Sweep level: -18.0 dBFS
Response measured over: 10.1 to 20,000.0 Hz
Peak value: 0.0016079465 at index 44100
Response length: 131072 samples
Sample interval: 2.2675736961451248E-5 seconds
Start time: -0.9977263174747579 seconds

Format is freq (Hz), BW (octaves), EDT (s), r, T20 (s), r, T30 (s), r, Topt (s), r, ToptStart (dB), ToptEnd (dB), T60M (s), reverse/forward/zero phase filtered, C50 (dB), C80 (dB), D50 (%), TS (s)

50 1/3 0.848 -0.976 0.694 -0.989 0.695 -0.996 0.688 -0.997 -5.000 -38.000 0.000 Forward 6.75 7.56 82.5 0.080
63 1/3 0.541 -0.951 0.429 -0.910 0.450 -0.973 0.481 -0.991 -5.000 -54.000 0.000 Forward 9.03 10.97 88.9 0.050
80 1/3 0.557 -0.935 0.297 -0.985 0.411 -0.977 0.247 -0.998 -5.000 -22.000 0.000 Forward 7.99 14.19 86.3 0.062
100 1/3 0.581 -0.881 0.260 -0.939 0.504 -0.942 0.144 -0.998 -5.000 -20.000 0.000 Forward 9.95 20.80 90.8 0.055
125 1/3 0.323 -0.921 0.343 -0.974 0.367 -0.980 0.349 -0.983 -5.000 -37.000 0.000 Forward 13.60 20.59 95.8 0.035
160 1/3 0.224 -0.915 0.339 -0.960 0.332 -0.979 0.481 -0.986 -5.000 -60.000 0.000 Forward 14.93 22.70 96.9 0.029
200 1/3 0.349 -0.986 0.323 -0.982 0.339 -0.989 0.347 -0.997 -5.000 -52.000 0.000 Forward 9.51 19.21 89.9 0.031
250 1/3 0.714 -0.935 0.358 -0.957 0.332 -0.988 0.338 -0.993 -5.000 -44.000 0.000 Forward 2.10 11.65 61.9 0.045
315 1/3 0.354 -0.978 0.336 -0.985 0.334 -0.992 0.344 -0.996 -5.000 -44.000 0.000 Forward 8.62 16.44 87.9 0.028
400 1/3 0.258 -0.970 0.419 -0.987 0.447 -0.991 0.453 -0.996 -5.000 -47.000 0.000 Forward 10.35 14.04 91.6 0.025
500 1/3 0.386 -0.989 0.280 -0.992 0.349 -0.987 0.288 -0.994 -5.000 -28.000 0.000 Forward 8.66 13.84 88.0 0.028
630 1/3 0.304 -0.984 0.509 -0.992 0.526 -0.997 0.529 -0.997 -5.000 -37.000 0.000 Forward 9.34 11.98 89.6 0.026
800 1/3 0.366 -0.987 0.496 -0.996 0.472 -0.998 0.474 -0.998 -5.000 -37.000 0.000 Forward 7.96 11.10 86.2 0.029
1000 1/3 0.315 -0.961 0.438 -0.994 0.446 -0.997 0.435 -0.997 -5.000 -32.000 0.000 Forward 8.34 11.64 87.2 0.032
1250 1/3 0.229 -0.982 0.435 -0.994 0.399 -0.996 0.406 -0.997 -5.000 -38.000 0.000 Forward 10.67 14.62 92.1 0.023
1600 1/3 0.288 -0.990 0.379 -0.992 0.414 -0.996 0.436 -0.997 -5.000 -45.000 0.000 Forward 9.89 17.03 90.7 0.019
2000 1/3 0.399 -0.910 0.386 -0.986 0.440 -0.994 0.461 -0.999 -5.000 -60.000 0.000 Forward 10.46 16.13 91.8 0.019
2500 1/3 0.360 -0.988 0.370 -0.995 0.382 -0.998 0.414 -0.999 -5.000 -59.000 0.000 Forward 8.32 14.29 87.2 0.022
3150 1/3 0.384 -0.992 0.335 -0.997 0.379 -0.996 0.432 -0.997 -5.000 -59.000 0.000 Forward 6.59 12.58 82.0 0.029
4000 1/3 0.258 -0.981 0.341 -0.997 0.382 -0.997 0.400 -0.999 -5.000 -51.000 0.000 Forward 10.86 15.58 92.4 0.017
5000 1/3 0.306 -0.986 0.320 -0.995 0.354 -0.997 0.360 -0.997 -5.000 -38.000 0.000 Forward 9.44 14.31 89.8 0.021
6300 1/3 0.257 -0.987 0.343 -0.998 0.350 -0.999 0.348 -0.999 -5.000 -34.000 0.000 Forward 11.29 16.24 93.1 0.018
8000 1/3 0.209 -0.989 0.319 -0.997 0.325 -0.999 0.327 -0.999 -5.000 -40.000 0.000 Forward 12.21 17.57 94.3 0.017
10000 1/3 0.249 -0.990 0.296 -0.997 0.303 -0.999 0.298 -0.999 -5.000 -33.000 0.000 Forward 11.08 17.40 92.8 0.021

full 1/3 0.292 -0.991 0.344 -0.998 0.364 -0.999 0.360 -0.999 -5.000 -33.000 0.000 Forward 9.86 15.90 90.6 0.018

