RT60 data saved by REW V5.31.1
Source: Scarlett 2i4 USB, MICROPHONE, R, volume: no control. Timing signal peak level -31.2 dBFS, measurement signal peak level -22.8 dBFS
Dated: Apr 16, 2024 9:58:17 AM
Measurement: curtains-p1-c
Sweep level: -18.0 dBFS
Response measured over: 10.1 to 20,000.0 Hz
Peak value: 0.011487669 at index 44100
Response length: 131072 samples
Sample interval: 2.2675736961451248E-5 seconds
Start time: -1.000860060144975 seconds

Format is freq (Hz), BW (octaves), EDT (s), r, T20 (s), r, T30 (s), r, Topt (s), r, ToptStart (dB), ToptEnd (dB), T60M (s), reverse/forward/zero phase filtered, C50 (dB), C80 (dB), D50 (%), TS (s)

50 1/3 0.667 -0.946 0.548 -0.996 0.500 -0.996 0.527 -0.997 -5.000 -30.000 0.000 Forward 10.37 16.75 91.6 0.076
63 1/3 0.820 -0.894 0.427 -0.945 0.484 -0.979 0.236 -0.997 -5.000 -20.000 0.000 Forward 2.03 10.69 61.5 0.085
80 1/3 0.787 -0.878 0.562 -0.946 0.562 -0.978 0.599 -0.996 -5.000 -60.000 0.000 Forward 2.59 13.21 64.5 0.081
100 1/3 0.520 -0.859 0.578 -0.953 0.526 -0.982 0.535 -0.993 -5.000 -60.000 0.000 Forward 11.97 16.39 94.0 0.056
125 1/3 0.771 -0.952 0.415 -0.987 0.471 -0.991 0.477 -0.993 -5.000 -38.000 0.000 Forward 4.33 7.71 73.1 0.054
160 1/3 0.401 -0.945 0.280 -0.992 0.411 -0.978 0.280 -0.992 -5.000 -25.000 0.000 Forward 9.19 17.88 89.3 0.038
200 1/3 0.197 -0.954 0.331 -0.988 0.302 -0.991 0.340 -0.995 -5.000 -60.000 0.000 Forward 12.28 20.52 94.4 0.027
250 1/3 0.315 -0.985 0.316 -0.986 0.367 -0.989 0.382 -0.996 -5.000 -55.000 0.000 Forward 9.50 14.77 89.9 0.030
315 1/3 0.388 -0.983 0.363 -0.978 0.415 -0.986 0.442 -0.995 -5.000 -57.000 0.000 Forward 8.38 16.22 87.3 0.032
400 1/3 0.228 -0.948 0.453 -0.985 0.404 -0.993 0.427 -0.997 -5.000 -50.000 0.000 Forward 10.36 14.83 91.6 0.028
500 1/3 0.215 -0.953 0.316 -0.967 0.355 -0.990 0.438 -0.991 -5.000 -50.000 0.000 Forward 12.56 18.40 94.7 0.025
630 1/3 0.210 -0.976 0.341 -0.990 0.447 -0.987 0.487 -0.998 -12.000 -52.000 0.000 Forward 13.22 19.28 95.4 0.018
800 1/3 0.224 -0.989 0.441 -0.994 0.525 -0.985 0.489 -0.996 -11.000 -23.000 0.000 Forward 12.63 16.06 94.8 0.018
1000 1/3 0.339 -0.940 0.427 -0.990 0.459 -0.996 0.507 -0.997 -5.000 -53.000 0.000 Forward 11.60 15.91 93.5 0.018
1250 1/3 0.337 -0.987 0.340 -0.996 0.392 -0.994 0.347 -0.997 -5.000 -27.000 0.000 Forward 9.43 15.75 89.8 0.022
1600 1/3 0.266 -0.987 0.397 -0.995 0.419 -0.998 0.431 -0.999 -5.000 -47.000 0.000 Forward 10.18 15.19 91.3 0.022
2000 1/3 0.353 -0.961 0.291 -0.984 0.365 -0.987 0.446 -0.992 -5.000 -53.000 0.000 Forward 11.67 18.65 93.6 0.021
2500 1/3 0.342 -0.953 0.330 -0.995 0.361 -0.997 0.361 -0.997 -5.000 -35.000 0.000 Forward 11.60 17.08 93.5 0.017
3150 1/3 0.437 -0.883 0.348 -0.979 0.397 -0.991 0.460 -0.995 -5.000 -51.000 0.000 Forward 13.06 18.02 95.3 0.017
4000 1/3 0.417 -0.897 0.327 -0.996 0.347 -0.997 0.327 -0.998 -5.000 -31.000 0.000 Forward 12.05 17.56 94.1 0.012
5000 1/3 0.416 -0.957 0.340 -0.997 0.343 -0.999 0.337 -0.999 -5.000 -33.000 0.000 Forward 11.47 16.48 93.3 0.013
6300 1/3 0.450 -0.910 0.319 -0.992 0.338 -0.996 0.346 -0.998 -5.000 -41.000 0.000 Forward 13.69 18.69 95.9 0.012
8000 1/3 0.525 -0.861 0.291 -0.993 0.309 -0.997 0.327 -0.997 -5.000 -44.000 0.000 Forward 14.63 20.82 96.7 0.009
10000 1/3 0.470 -0.826 0.280 -0.993 0.297 -0.997 0.308 -0.998 -5.000 -44.000 0.000 Forward 15.95 22.87 97.5 0.006

full 1/3 0.395 -0.966 0.312 -0.996 0.348 -0.996 0.327 -0.997 -5.000 -30.000 0.000 Forward 13.61 19.33 95.8 0.010

